88269.531236 1196215.3107 6103268.6312 1791077.662 517123.41739 # 1 1993
735320.17396 152409.90654 368136.09533 117939.82259 37152.032362 # 2 1993
0 1139487.1713 1740967.2116 5944504.8684 2353003.6887 # 1 1994
0 242760.01709 58370.881021 245327.74569 151450.13727 # 2 1994
0 2982747.4294 1411344.6443 605774.53168 34359.810245 # 1 1995
3903.1475472 4027.4810687 1371.8356209 169.9312794 107.49491192 # 2 1995
#393586.25936 1178128.9834 1850891.1191 244130.54126 268446.90168 # 1 1996
0 0 0 0 0 # 1 1996
2419413.2706 2416551.7445 3189909.3007 203720.64147 991278.50565 # 2 1996
0 3000250.5053 320988.14716 1829480.6049 441913.09926 # 1 1997
0 1382632.3331 35863.131827 43136.955315 10227.545954 # 2 1997
0 2373462.3706 4071824.3017 250335.66189 139032.07264 # 1 1998
230.67738175 66382.470543 102480.80019 6524.7480147 3502.0796122 # 2 1998
0 1543466.8665 1057146.8843 1438947.7345 236129.1389 # 1 1999
0 83790.870365 43711.472682 44084.700458 11014.620454 # 2 1999
24859.748271 5819087.0751 343265.19734 324766.35108 344793.98292 # 1 2000
0 0 0 0 0 # 2 2000
2959.8604239 2143402.0558 5102581.0645 622624.80185 403191.2617 # 1 2001
9699.4371363 64454.409447 18970.243207 538.49786328 276.15814102 # 2 2001
9676.7844429 341553.88957 792245.2158 477342.30115 87599.603768 # 1 2002
0 0 0 0 0 # 2 2002
169340.7336 4079507.3576 863910.77363 2542922.332 1247478.4891 # 1 2003
165408.75506 161850.47896 10943.376842 5720.7039702 1520.1042935 # 2 2003
0 937816.23268 216721.31201 43575.680141 69187.168451 # 1 2004
0 4389.3815985 1107.5061468 219.95008826 146.4094187 # 2 2004
0 54370.850701 158524.05374 35259.622719 19363.576634 # 1 2005
0 0 0 0 0 # 2 2005
#332.28661737 8573.9199841 718.00539596 173.64263921 43.01816494 # 1 2006
0 0 0 0 0 # 1 2006
0 0 0 0 0 # 2 2006
#0.0028740533 1671.1068778 398.8239992 264.80526076 254.26652348 # 2 2006
#9.6402442979 1545.1351707 241.95683772 16.70085519 6.6075865377 # 1 2007
0 0 0 0 0 # 1 2007
0 0 0 0 0 # 2 2007
#4.2769853859 134435.94293 42428.278194 9697.162279 1727.5672483 # 1 2008
0 0 0 0 0 # 1 2008
0 0 0 0 0 # 2 2008
0 0 0 0 0 # 1 2009
0 0 0 0 0 # 2 2009
#28.351042951 45478.396229 1445.1309546 967.28123578 165.97614532 # 1 2010
0 0 0 0 0 # 2 2010
0 0 0 0 0 # 2 2010
#88.675252552 3685.2598247 23557.855686 1676.871211 331.86765277 # 1 2011
0 0 0 0 0 # 2 2010
0 0 0 0 0 # 2 2011
115.02193848 92132.37206 49961.61555 212947.62351 3135.5412097 # 1 2012
0 0 0 0 0 # 2 2012
#0 219110.04778 115819.66098 80625.638684 150124.95118 # 1 2013
0 0 0 0 0 # 1 2013
0 0 0 0 0 # 2 2013
59351.346915 480359.59043 161195.30239 14800.445842 13414.382868 # 1 2014
0 0 0 0 0 # 2 2014
0 919028.73781 33211.693819 9779.0913924 16421.532371 # 1 2015
0 0 0 0 0 # 2 2015
13650.183389 189255.86357 374106.62405 19155.788083 34070.75426 # 1 2016
0 0 0 0 0 # 2 2016
73.414025788 711428.10753 436413.38448 523199.86759 26878.38993 # 1 2017
0.0001456896 0.0895357989 0.0133922239 0.0150472723 0.0032762756 # 2 2017
454.23716678 892914.06571 1261581.7417 346971.1375 1111251.0282 # 1 2018
0 0 0 0 0 # 2 2018
1874.846699 315832.02986 160958.95244 144304.86426 61045.529302 # 1 2019
0 0 0 0 0 # 2 2019
9544.5804254 2451802.3285 259213.11523 71558.526579 84884.031307 # 1 2020
27036.022296 22114.333581 315.92101734 99.040097234 264.47144089 # 2 2020
397890.26576 3321451.3485 2167359.7832 349117.48574 373410.29879 # 1 2021
1241.5737324 19727.902929 77973.879237 11992.444481 40429.524621 # 2 2021
#10733.365008 331013.14095 71614.474075 123745.05292 39968.314347 # 1 2022
#0 0 0 0 0 # 2 2022
