1238.98	#	1993	1
1440.13	#	1994	1
435.81	#	1995	1
534.64	#	1996	1
532.95	#	1997	1
643.18	#	1998	1
848.42	#	1999	1
437.54	#	2000	1
678.17	#	2001	1
150.61	#	2002	1
1077.15	#	2003	1
213.65	#	2004	1
101.94	#	2005	1
1.79	#	2006	1
1.27	#	2007	1
9.79	#	2008	1
0	#	2009	1
4.06	#	2010	1
9.95	#	2011	1
77.66	#	2012	1
44.28	#	2013	1
51.95	#	2014	1
39.93	#	2015	1
118.36	#	2016	1
248.97	#	2017	1
610.21	#	2018	1
168.77	#	2019	1
226.27	#	2020	1
1196.54	#	2021	1
#113.7	#	2022	1
197.12	#	1993	2
186.39	#	1994	2
1.4	#	1995	2
966.27	#	1996	2
146.65	#	1997	2
40.2	#	1998	2
0	#	1999	2
0	#	2000	2
14.18	#	2001	2
0	#	2002	2
75.63	#	2003	2
1.97	#	2004	2
0	#	2005	2
0	#	2006	2
0	#	2007	2
0	#	2008	2
0	#	2009	2
0	#	2010	2
0	#	2011	2
0	#	2012	2
0	#	2013	2
0	#	2014	2
0	#	2015	2
0	#	2016	2
0	#	2017	2
0	#	2018	2
0	#	2019	2
0	#	2020	2
100.43	#	2021	2
#0	#	2022	2
