0    0.745630657    0.592579822    0.466932969    0.42961048    #    1993    3    1
1.046219212    0.716710889    0.526726331    0.472649237    0.453524483    #    1993    3    2
0    0.745630657    0.592579822    0.466932969    0.42961048    #    1994    3    1
1.046219212    0.716710889    0.526726331    0.472649237    0.453524483    #    1994    3    2
0    0.745630657    0.592579822    0.466932969    0.42961048    #    1995    3    1
1.046219212    0.716710889    0.526726331    0.472649237    0.453524483    #    1995    3    2
0    0.745630657    0.592579822    0.466932969    0.42961048    #    1996    3    1
1.046219212    0.716710889    0.526726331    0.472649237    0.453524483    #    1996    3    2
0    0.745630657    0.592579822    0.466932969    0.42961048    #    1997    3    1
1.046219212    0.716710889    0.526726331    0.472649237    0.453524483    #    1997    3    2
0    0.745630657    0.592579822    0.466932969    0.42961048    #    1998    3    1
1.046219212    0.716710889    0.526726331    0.472649237    0.453524483    #    1998    3    2
0    0.745630657    0.592579822    0.466932969    0.42961048    #    1999    3    1
1.046219212    0.716710889    0.526726331    0.472649237    0.453524483    #    1999    3    2
0    0.745630657    0.592579822    0.466932969    0.42961048    #    2000    3    1
1.046219212    0.716710889    0.526726331    0.472649237    0.453524483    #    2000    3    2
0    0.745630657    0.592579822    0.466932969    0.42961048    #    2001    3    1
1.046219212    0.716710889    0.526726331    0.472649237    0.453524483    #    2001    3    2
0    0.745630657    0.592579822    0.466932969    0.42961048    #    2002    3    1
1.046219212    0.716710889    0.526726331    0.472649237    0.453524483    #    2002    3    2
0    0.745630657    0.592579822    0.466932969    0.42961048    #    2003    3    1
1.046219212    0.716710889    0.526726331    0.472649237    0.453524483    #    2003    3    2
0    0.745630657    0.592579822    0.466932969    0.42961048    #    2004    3    1
1.046219212    0.716710889    0.526726331    0.472649237    0.453524483    #    2004    3    2
0    0.745630657    0.592579822    0.466932969    0.42961048    #    2005    3    1
1.046219212    0.716710889    0.526726331    0.472649237    0.453524483    #    2005    3    2
0    0.745630657    0.592579822    0.466932969    0.42961048    #    2006    3    1
1.046219212    0.716710889    0.526726331    0.472649237    0.453524483    #    2006    3    2
0    0.745630657    0.592579822    0.466932969    0.42961048    #    2007    3    1
1.046219212    0.716710889    0.526726331    0.472649237    0.453524483    #    2007    3    2
0    0.745630657    0.592579822    0.466932969    0.42961048    #    2008    3    1
1.046219212    0.716710889    0.526726331    0.472649237    0.453524483    #    2008    3    2
0    0.745630657    0.592579822    0.466932969    0.42961048    #    2009    3    1
1.046219212    0.716710889    0.526726331    0.472649237    0.453524483    #    2009    3    2
0    0.745630657    0.592579822    0.466932969    0.42961048    #    2010    3    1
1.046219212    0.716710889    0.526726331    0.472649237    0.453524483    #    2010    3    2
0    0.745630657    0.592579822    0.466932969    0.42961048    #    2011    3    1
1.046219212    0.716710889    0.526726331    0.472649237    0.453524483    #    2011    3    2
0    0.745630657    0.592579822    0.466932969    0.42961048    #    2012    3    1
1.046219212    0.716710889    0.526726331    0.472649237    0.453524483    #    2012    3    2
0    0.745630657    0.592579822    0.466932969    0.42961048    #    2013    3    1
1.046219212    0.716710889    0.526726331    0.472649237    0.453524483    #    2013    3    2
0    0.745630657    0.592579822    0.466932969    0.42961048    #    2014    3    1
1.046219212    0.716710889    0.526726331    0.472649237    0.453524483    #    2014    3    2
0    0.745630657    0.592579822    0.466932969    0.42961048    #    2015    3    1
1.046219212    0.716710889    0.526726331    0.472649237    0.453524483    #    2015    3    2
0    0.745630657    0.592579822    0.466932969    0.42961048    #    2016    3    1
1.046219212    0.716710889    0.526726331    0.472649237    0.453524483    #    2016    3    2
0    0.745630657    0.592579822    0.466932969    0.42961048    #    2017    3    1
1.046219212    0.716710889    0.526726331    0.472649237    0.453524483    #    2017    3    2
0    0.745630657    0.592579822    0.466932969    0.42961048    #    2018    3    1
1.046219212    0.716710889    0.526726331    0.472649237    0.453524483    #    2018    3    2
0    0.745630657    0.592579822    0.466932969    0.42961048    #    2019    3    1
1.046219212    0.716710889    0.526726331    0.472649237    0.453524483    #    2019    3    2
0    0.745630657    0.592579822    0.466932969    0.42961048    #    2020    3    1
1.046219212    0.716710889    0.526726331    0.472649237    0.453524483    #    2020    3    2
0    0.745630657    0.592579822    0.466932969    0.42961048    #    2021    3    1
1.046219212    0.716710889    0.526726331    0.472649237    0.453524483    #    2021    3    2
0    0.745630657    0.592579822    0.466932969    0.42961048    #    2022    3    1
1.046219212    0.716710889    0.526726331    0.472649237    0.453524483    #    2022    3    2
0    0.745630657    0.592579822    0.466932969    0.42961048    #    2023    3    1
1.046219212    0.716710889    0.526726331    0.472649237    0.453524483    #    2023    3    2