0   0.08303674   0.529892669   0.813311302   0.983136037   #   1   1993
0   0.08303674   0.529892669   0.813311302   0.983136037   #   2   1993
0   0.08303674   0.529892669   0.813311302   0.983136037   #   1   1994
0   0.08303674   0.529892669   0.813311302   0.983136037   #   2   1994
0   0.08303674   0.529892669   0.813311302   0.983136037   #   1   1995
0   0.08303674   0.529892669   0.813311302   0.983136037   #   2   1995
0   0.08303674   0.529892669   0.813311302   0.983136037   #   1   1996
0   0.08303674   0.529892669   0.813311302   0.983136037   #   2   1996
0   0.08303674   0.529892669   0.813311302   0.983136037   #   1   1997
0   0.08303674   0.529892669   0.813311302   0.983136037   #   2   1997
0   0.08303674   0.529892669   0.813311302   0.983136037   #   1   1998
0   0.08303674   0.529892669   0.813311302   0.983136037   #   2   1998
0   0.08303674   0.529892669   0.813311302   0.983136037   #   1   1999
0   0.08303674   0.529892669   0.813311302   0.983136037   #   2   1999
0   0.08303674   0.529892669   0.813311302   0.983136037   #   1   2000
0   0.08303674   0.529892669   0.813311302   0.983136037   #   2   2000
0   0.08303674   0.529892669   0.813311302   0.983136037   #   1   2001
0   0.08303674   0.529892669   0.813311302   0.983136037   #   2   2001
0   0.08303674   0.529892669   0.813311302   0.983136037   #   1   2002
0   0.08303674   0.529892669   0.813311302   0.983136037   #   2   2002
0   0.08303674   0.529892669   0.813311302   0.983136037   #   1   2003
0   0.08303674   0.529892669   0.813311302   0.983136037   #   2   2003
0   0.08303674   0.529892669   0.813311302   0.983136037   #   1   2004
0   0.08303674   0.529892669   0.813311302   0.983136037   #   2   2004
0   0.08303674   0.529892669   0.813311302   0.983136037   #   1   2005
0   0.08303674   0.529892669   0.813311302   0.983136037   #   2   2005
0   0.08303674   0.529892669   0.813311302   0.983136037   #   1   2006
0   0.08303674   0.529892669   0.813311302   0.983136037   #   2   2006
0   0.08303674   0.529892669   0.813311302   0.983136037   #   1   2007
0   0.08303674   0.529892669   0.813311302   0.983136037   #   2   2007
0   0.08303674   0.529892669   0.813311302   0.983136037   #   1   2008
0   0.08303674   0.529892669   0.813311302   0.983136037   #   2   2008
0   0.08303674   0.529892669   0.813311302   0.983136037   #   1   2009
0   0.08303674   0.529892669   0.813311302   0.983136037   #   2   2009
0   0.08303674   0.529892669   0.813311302   0.983136037   #   1   2010
0   0.08303674   0.529892669   0.813311302   0.983136037   #   2   2010
0   0.08303674   0.529892669   0.813311302   0.983136037   #   1   2011
0   0.08303674   0.529892669   0.813311302   0.983136037   #   2   2011
0   0.08303674   0.529892669   0.813311302   0.983136037   #   1   2012
0   0.08303674   0.529892669   0.813311302   0.983136037   #   2   2012
0   0.08303674   0.529892669   0.813311302   0.983136037   #   1   2013
0   0.08303674   0.529892669   0.813311302   0.983136037   #   2   2013
0   0.08303674   0.529892669   0.813311302   0.983136037   #   1   2014
0   0.08303674   0.529892669   0.813311302   0.983136037   #   2   2014
0   0.08303674   0.529892669   0.813311302   0.983136037   #   1   2015
0   0.08303674   0.529892669   0.813311302   0.983136037   #   2   2015
0   0.08303674   0.529892669   0.813311302   0.983136037   #   1   2016
0   0.08303674   0.529892669   0.813311302   0.983136037   #   2   2016
0   0.08303674   0.529892669   0.813311302   0.983136037   #   1   2017
0   0.08303674   0.529892669   0.813311302   0.983136037   #   2   2017
0   0.08303674   0.529892669   0.813311302   0.983136037   #   1   2018
0   0.08303674   0.529892669   0.813311302   0.983136037   #   2   2018
0   0.08303674   0.529892669   0.813311302   0.983136037   #   1   2019
0   0.08303674   0.529892669   0.813311302   0.983136037   #   2   2019
0   0.08303674   0.529892669   0.813311302   0.983136037   #   1   2020
0   0.08303674   0.529892669   0.813311302   0.983136037   #   2   2020
0   0.08303674   0.529892669   0.813311302   0.983136037   #   1   2021
0   0.08303674   0.529892669   0.813311302   0.983136037   #   2   2021
0   0.08303674   0.529892669   0.813311302   0.983136037   #   1   2022
0   0.08303674   0.529892669   0.813311302   0.983136037   #   2   2022
0   0.08303674   0.529892669   0.813311302   0.983136037   #   1   2023
0   0.08303674   0.529892669   0.813311302   0.983136037   #   2   2023
