
# year: 1993
        0.00         0.00         0.79         0.98         1.00
        0.00         0.00         0.79         0.98         1.00
# year: 1994
         0.00         0.00         0.79         0.98         1.00
        0.00         0.00         0.79         0.98         1.00
# year: 1995
         0.00         0.00         0.79         0.98         1.00
        0.00         0.00         0.79         0.98         1.00
# year: 1996
        0.00         0.00         0.79         0.98         1.00
        0.00         0.00         0.79         0.98         1.00
# year: 1997
        0.00         0.00         0.79         0.98         1.00
        0.00         0.00         0.79         0.98         1.00
# year: 1998
        0.00         0.00         0.79         0.98         1.00
        0.00         0.00         0.79         0.98         1.00
# year: 1999
        0.00         0.00         0.79         0.98         1.00
        0.00         0.00         0.79         0.98         1.00
# year: 2000
        0.00         0.00         0.79         0.98         1.00
        0.00         0.00         0.79         0.98         1.00
# year: 2001
        0.00         0.00         0.79         0.98         1.00
        0.00         0.00         0.79         0.98         1.00
# year: 2002
        0.00         0.00         0.79         0.98         1.00
        0.00         0.00         0.79         0.98         1.00
# year: 2003
        0.00         0.00         0.79         0.98         1.00
        0.00         0.00         0.79         0.98         1.00
# year: 2004
        0.00         0.00         0.79         0.98         1.00
        0.00         0.00         0.79         0.98         1.00
# year: 2005
         0.00         0.00         0.79         0.98         1.00
        0.00         0.00         0.79         0.98         1.00
# year: 2006
        0.00         0.00         0.79         0.98         1.00
        0.00         0.00         0.79         0.98         1.00
# year: 2007
        0.00         0.00         0.79         0.98         1.00
        0.00         0.00         0.79         0.98         1.00
# year: 2008
        0.00         0.00         0.79         0.98         1.00
        0.00         0.00         0.79         0.98         1.00
# year: 2009
        0.00         0.00         0.79         0.98         1.00
        0.00         0.00         0.79         0.98         1.00
# year: 2010
         0.00         0.00         0.79         0.98         1.00
        0.00         0.00         0.79         0.98         1.00
# year: 2011
        0.00         0.00         0.79         0.98         1.00
        0.00         0.00         0.79         0.98         1.00
# year: 2012
        0.00         0.00         0.79         0.98         1.00
        0.00         0.00         0.79         0.98         1.00
# year: 2013
         0.00         0.00         0.79         0.98         1.00
        0.00         0.00         0.79         0.98         1.00
# year: 2014
        0.00         0.00         0.79         0.98         1.00
        0.00         0.00         0.79         0.98         1.00
# year: 2015  
        0.00         0.00         0.79         0.98         1.00
        0.00         0.00         0.79         0.98         1.00
# year: 2016 
        0.00         0.00         0.79         0.98         1.00
        0.00         0.00         0.79         0.98         1.00
# year: 2017 average from:2000 2001 2002 2003 - 
        0.00         0.00         0.79         0.98         1.00
        0.00         0.00         0.79         0.98         1.00
# year: 2018 average from:2000 2001 2002 2003 - 
        0.00         0.00         0.79         0.98         1.00
        0.00         0.00         0.79         0.98         1.00
# year: 2019 average from:2000 2001 2002 2003 - 
        0.00         0.00         0.79         0.98         1.00
        0.00         0.00         0.79         0.98         1.00
# year: 2020 average from:2000 2001 2002 2003 - 
        0.00         0.00         0.79         0.98         1.00
        0.00         0.00         0.79         0.98         1.00
# year: 2021 average from:2000 2001 2002 2003 - 
        0.00         0.00         0.79         0.98         1.00
        0.00         0.00         0.79         0.98         1.00
# year: 2022 average from:2000 2001 2002 2003 - 
        0.00         0.00         0.79         0.98         1.00
        0.00         0.00         0.79         0.98         1.00
# year: 2023 average from:2000 2001 2002 2003 - 
        0.00         0.00         0.79         0.98         1.00
        0.00         0.00         0.79         0.98         1.00