0.0014873902	0.0067045994	0.0119590061	0.0158175015	0.0235435452	#	1993	1
0.0036361087	0.0082304704	0.0144826965	0.0176420091	0.0256366552	#	1993	2
0.0014644739	0.0100985278	0.0085730405	0.0129661379	0.0187065516	#	1994	1
0.0036361087	0.0082304704	0.0144826965	0.0176420091	0.0256366552	#	1994	2
0.0014796862	0.0058027338	0.0151355162	0.0191972232	0.0218474592	#	1995	1
0.0036361087	0.0082304704	0.0144826965	0.0176420091	0.0256366552	#	1995	2
0.0014812363	0.0058446575	0.014743819	0.020672588	0.0319286702	#	1996	1
0.0030991076	0.0047182826	0.0160962494	0.0253317361	0.0343427447	#	1996	2
0.0014780803	0.0063909198	0.0071201707	0.010508343	0.0174101093	#	1997	1
0.0036361087	0.0082304704	0.0144826965	0.0176420091	0.0256366552	#	1997	2
0.0014806286	0.0049276673	0.0095061856	0.0132064648	0.0134037912	#	1998	1
0.0036361087	0.0082304704	0.0144826965	0.0176420091	0.0256366552	#	1998	2
0.0014796699	0.0053492154	0.0111276434	0.0181062091	0.0225652781	#	1999	1
0.0036361087	0.0082304704	0.0144826965	0.0176420091	0.0256366552	#	1999	2
0.0029034125	0.0040999559	0.0088854186	0.0143094766	0.0185449493	#	2000	1
0.0036361087	0.0082304704	0.0144826965	0.0176420091	0.0256366552	#	2000	2
0.002566535	0.0035871864	0.0056767378	0.0086986038	0.014165109	#	2001	1
0.0036361087	0.0082304704	0.0144826965	0.0176420091	0.0256366552	#	2001	2
0.0010730073	0.0036773205	0.0061049457	0.0104269676	0.0199309076	#	2002	1
0.0036361087	0.0082304704	0.0144826965	0.0176420091	0.0256366552	#	2002	2
0.0017537936	0.0037666578	0.0075436333	0.0095733741	0.012926385	#	2003	1
0.0024402954	0.0049325911	0.0130339647	0.0158772452	0.0230721717	#	2003	2
0.0014715704	0.0039890911	0.0075323576	0.0096872627	0.0156095843	#	2004	1
0.0036361087	0.0082304704	0.0144826965	0.0176420091	0.0256366552	#	2004	2
0.0013014325	0.0037913219	0.0047732149	0.0068562375	0.0182421223	#	2005	1
0.0036361087	0.0082304704	0.0144826965	0.0176420091	0.0256366552	#	2005	2
0.0014812363	0.0054780879	0.0104956299	0.0156024524	0.0207624243	#	2006	1
0.0036361087	0.0082304704	0.0144826965	0.0176420091	0.0256366552	#	2006	2
0.0014812363	0.0054780879	0.0104956299	0.0156024524	0.0207624243	#	2007	1
0.0036361087	0.0082304704	0.0144826965	0.0176420091	0.0256366552	#	2007	2
0.0014812363	0.0054780879	0.0104956299	0.0156024524	0.0207624243	#	2008	1
0.0036361087	0.0082304704	0.0144826965	0.0176420091	0.0256366552	#	2008	2
0.0014812363	0.0054780879	0.0104956299	0.0156024524	0.0207624243	#	2009	1
0.0036361087	0.0082304704	0.0144826965	0.0176420091	0.0256366552	#	2009	2
0.0014812363	0.0054780879	0.0104956299	0.0156024524	0.0207624243	#	2010	1
0.0036361087	0.0082304704	0.0144826965	0.0176420091	0.0256366552	#	2010	2
0.0014812363	0.0054780879	0.0104956299	0.0156024524	0.0207624243	#	2011	1
0.0036361087	0.0082304704	0.0144826965	0.0176420091	0.0256366552	#	2011	2
0.0014806804	0.0034646576	0.007402015	0.0088769291	0.0122503715	#	2012	1
0.0036361087	0.0082304704	0.0144826965	0.0176420091	0.0256366552	#	2012	2
0.0014812363	0.0041794499	0.0077323895	0.0130150255	0.0150405318	#	2013	1
0.0036361087	0.0082304704	0.0144826965	0.0176420091	0.0256366552	#	2013	2
0.0014812363	0.0054780879	0.0104956299	0.0156024524	0.0207624243	#	2014	1
0.0036361087	0.0082304704	0.0144826965	0.0176420091	0.0256366552	#	2014	2
0.0014806861	0.0043997423	0.0094242223	0.0112165936	0.0166218118	#	2015	1
0.0036361087	0.0082304704	0.0144826965	0.0176420091	0.0256366552	#	2015	2
0.0014898122	0.0044740901	0.0107995543	0.0209596314	0.0287388687	#	2016	1
0.0036361087	0.0082304704	0.0144826965	0.0176420091	0.0256366552	#	2016	2
0.0014806378	0.0069324614	0.0109897045	0.0156445315	0.02216958	#	2017	1
0.0036361087	0.0082304704	0.0144826965	0.0176420091	0.0256366552	#	2017	2
0.0014772906	0.0044887491	0.0092951549	0.0137658889	0.0201198278	#	2018	1
0.0036361087	0.0082304704	0.0144826965	0.0176420091	0.0256366552	#	2018	2
0.0014773107	0.0057744154	0.0099470881	0.0137125214	0.0203413862	#	2019	1
0.0036361087	0.0082304704	0.0144826965	0.0176420091	0.0256366552	#	2019	2
0.0014660655	0.0061903372	0.0092528628	0.0156071567	0.0141762174	#	2020	1
0.0036361087	0.0082304704	0.0144826965	0.0176420091	0.0256366552	#	2020	2
0.0017226725	0.0055176481	0.0097820943	0.0129831767	0.018576244	#	2021	1
0.003634211	0.0097743651	0.0133131929	0.019622839	0.0210438478	#	2021	2
0.00152479542	0.00578072224	0.00985338092	0.01434265504	0.01907665108	#	5	1
0.00363572916	0.00853924934	0.01424879578	0.01803817508	0.02471809372	#	5	1
