146515.43914 4161596.3011 6190501.5677 203094.06155 67436.251235 # 1 1983
12881780.764 476098.16178 877011.77054 103988.02073 297.75522381 # 2 1983
1670.3704668 10284117.548 912262.78345 1154155.8588 38187.476949 # 1 1984
0 3845869.9303 185683.95259 192906.4885 10233.108054 # 2 1984
829903.86313 1406221.3686 5479045.6718 471950.06076 108960.66388 # 1 1985
1794941.9916 386690.49341 759814.58613 380808.53116 49142.704879 # 2 1985
4773.1785883 24479249.909 3144241.107 436340.98075 5610.3076618 # 1 1986
1443434.3238 3495194.4216 208243.62194 94655.08054 7069.6740652 # 2 1986
0 830526.77032 2620764.2326 130519.56433 20032.152989 # 1 1987
45065.611804 511590.88111 591020.86904 17139.706234 4459.82152 # 2 1987
399959.94083 1030015.8292 3378849.5978 3163006.3517 477608.01946 # 1 1988
5601699.3159 544633.23904 225701.26271 775207.16641 30862.866486 # 2 1988
1237283.078 23364418.812 1666141.2349 937733.76826 908543.24523 # 1 1989
2819159.2879 3808698.3449 273462.40486 9534.6555836 33507.503908 # 2 1989
0 7328401.5315 3963811.6949 586546.09142 177265.43742 # 1 1990
5045637.9621 853805.65667 196099.44488 29227.581073 8610.0440073 # 2 1990
0 14202780.633 2099460.5056 450618.37669 156480.49102 # 1 1991
10053102.843 3627837.495 110290.79323 35082.544464 1465.3040945 # 2 1991
117487.19691 12015603.53 4065910.4975 475464.60903 297926.59262 # 1 1992
6829610.6472 886417.35093 85057.826596 33724.642966 7303.4258653 # 2 1992
7834592.0555 6341272.4237 872842.23789 467165.7148 220005.37349 # 1 1993
18579003.336 548207.18163 440030.36804 152528.44465 35418.15979 # 2 1993
0 35122873.095 3616216.205 158026.13832 53517.404412 # 1 1994
0 5884859.4619 683254.87434 216658.64493 71424.495009 # 2 1994
900594.57399 4229978.4554 1380893.5963 200996.63389 65670.559932 # 1 1995
1000020.9322 1668792.6809 1645546.8639 200633.34144 143195.22475 # 2 1995
4447339.0236 4614385.1961 708417.44017 420125.8736 106980.17554 # 1 1996
28160307.848 6456735.6285 257626.80383 156460.86432 38534.810255 # 2 1996
43152.862627 37584392.949 1380577.858 387430.59641 54949.688562 # 1 1997
29382.335027 8808506.8692 207232.23448 124699.36278 37700.869828 # 2 1997
1920303.1455 849946.64674 4804911.097 201318.67926 115183.18641 # 1 1998
1081118.4659 42299.457148 1493087.4587 91495.703436 75992.307496 # 2 1998
735865.66903 1343472.6403 104372.88744 705664.14558 117895.85695 # 1 1999
6816716.6851 682245.89047 100364.662 483625.44985 80949.261589 # 2 1999
0 8295892.9737 429594.16565 255222.55118 582941.69606 # 1 2000
0 1042609.4246 179465.44183 108190.3438 166533.51248 # 2 2000
2273021.8788 4437560.876 734725.07437 81734.53904 310277.6615 # 1 2001
7117043.2789 2691113.7267 558858.54964 72626.59311 229005.21109 # 2 2001
14614.867375 17190211.542 249708.15941 141699.82476 58258.582199 # 1 2002
3190.188303 1414858.0659 194661.96245 50838.540665 30505.111823 # 2 2002
558809.93025 296948.51335 1688950.0036 96300.817249 58833.634257 # 1 2003
6843184.5885 220634.48585 487751.02887 39283.120679 14776.578698 # 2 2003
1282506.2731 10301332.779 670830.20857 453534.09784 169517.04937 # 1 2004
741424.75631 1921280.7486 198044.98496 251716.65806 50912.225224 # 2 2004
25515.242251 1896246.3775 639549.92609 65703.122302 165355.25605 # 1 2005
2117.3162395 514388.932 317386.5639 31287.840992 89848.718668 # 2 2005
0 2248617.3727 290880.85634 96321.430266 27631.886009 # 1 2006
0.0173435051 1122988.3066 105442.12742 45793.075191 17825.018707 # 2 2006
31643.587137 4960915.3491 302290.72089 39838.669982 5059.3587659 # 1 2007
0.3090561115 49.562000166 7.7721927032 0.5388916022 0.2124171376 # 2 2007
36615.535521 3657736.5322 479463.6492 50356.596388 16206.908766 # 1 2008
3.3443410577 247006.17064 50715.401994 7056.3874785 1376.077173 # 2 2008
482082.60251 3127631.8837 336702.14574 14105.145754 4611.013246 # 1 2009
271310.60148 1949878.1334 23558.373018 3034.9425637 2328.1542657 # 2 2009
0 7163602.5777 85413.872932 89741.348518 15314.965738 # 1 2010
776.60056125 1247256.3978 39585.475299 26496.067601 4546.4700482 # 2 2010
0 548358.02304 1350571.2264 226104.95831 45881.686455 # 1 2011
0 2916.2699876 14262.062947 2643.8370657 528.52427807 # 2 2011
8254.5226253 290564.52116 314700.68939 307526.72242 41396.701551 # 1 2012
5426.176283 11561.263146 81210.67582 1300.8773258 20.999606256 # 2 2012
0 4501365.0519 1045410.4264 319991.39292 77422.260259 # 1 2013
0 371996.75236 38405.824205 15011.00412 2927.1939046 # 2 2013
39482.939669 5542883.286 2977909.0976 317800.20324 81453.424189 # 1 2014
190710.59807 38024.073141 33930.720412 15695.12347 33982.19853 # 2 2014
0 2146447.3272 853153.60444 654831.78388 227746.19639 # 1 2015
0.4792082437 10349.393537 20313.412584 17348.052669 6715.0484763 # 2 2015
2451425.8791 310074.62128 144499.92062 102772.1573 62684.503708 # 1 2016
24267.848204 3531.3355304 154.33561349 72.224714457 21.898793424 # 2 2016
0 22369373.707 233039.69195 82426.216786 13297.923047 # 1 2017
8.0267597788 1269416.8704 4891.5732163 23520.09007 1370.3045418 # 2 2017
187.61856419 53307.606578 1995638.3726 57263.607137 12289.263635 # 1 2018
16.214537858 93.327406599 19377.898033 2005.6252378 262.82537906 # 2 2018
11894.838179 206486.00769 50240.766988 171072.55888 3638.7658914 # 1 2019
23.372889536 62.913204495 43.041507944 113.18693876 1.8224252118 # 2 2019
408173.5581 7526051.6634 425912.15699 179694.06716 349258.01582 # 1 2020
3942.0713583 14533.148453 1502.5420896 653.49838932 2934.5110394 # 2 2020
50.96009938 605846.48268 95648.669713 2527.1896303 2649.175139 # 1 2021
151.23459683 160.48632513 116.46721656 16.15612512 39.379989595 # 2 2021
#165520.92468 5972188.2651 1009356.9121 453831.80991 274274.22407 # 1 2022
#7.7039291686 11.113058868 4.112611995 2.3266123767 0.6998983625 # 2 2022
