2776.92	#	1983	1
2352.87	#	1984	1
2499.41	#	1985	1
3890.51	#	1986	1
757.46	#	1987	1
2742.68	#	1988	1
4655.17	#	1989	1
3521.51	#	1990	1
3337.12	#	1991	1
3415.9	#	1992	1
2486.77	#	1993	1
3024.32	#	1994	1
1544.04	#	1995	1
1592.58	#	1996	1
3247.13	#	1997	1
1644.79	#	1998	1
771.44	#	1999	1
1987.51	#	2000	1
1349.65	#	2001	1
2386.98	#	2002	1
1026.41	#	2003	1
3154.68	#	2004	1
837.76	#	2005	1
733.77	#	2006	1
863.28	#	2007	1
707.98	#	2008	1
537.79	#	2009	1
889.08	#	2010	1
554.31	#	2011	1
402.95	#	2012	1
1520.39	#	2013	1
1434.36	#	2014	1
1362.01	#	2015	1
418.02	#	2016	1
2207.19	#	2017	1
586.92	#	2018	1
168.23	#	2019	1
1529.99	#	2020	1
241.58	#	2021	1
#1655.54	#	2022	1
1513.03	#	1983	2
1441.28	#	1984	2
985.36	#	1985	2
1158.71	#	1986	2
365.66	#	1987	2
1244.07	#	1988	2
1647.25	#	1989	2
872.33	#	1990	2
1456.93	#	1991	2
1064.15	#	1992	2
1719.26	#	1993	2
1102.17	#	1994	2
974.8	#	1995	2
2918.61	#	1996	2
1837.49	#	1997	2
1059.26	#	1998	2
1202.61	#	1999	2
602	#	2000	2
1131.7	#	2001	2
662.61	#	2002	2
1315.94	#	2003	2
1036.03	#	2004	2
332.81	#	2005	2
409.96	#	2006	2
0	#	2007	2
102.35	#	2008	2
172.49	#	2009	2
177.7	#	2010	2
9.71	#	2011	2
21.89	#	2012	2
159.81	#	2013	2
77.54	#	2014	2
24.48	#	2015	2
13.11	#	2016	2
289.54	#	2017	2
5.68	#	2018	2
0	#	2019	2
75.82	#	2020	2
17.8	#	2021	2
#0	#	2022	2
