# year: 1983
        0.00         0.57         0.44         0.32         0.31
        0.92         0.59         0.49         0.42         0.41
# year: 1984
        0.00         0.57         0.44         0.32         0.31
        0.92         0.59         0.49         0.42         0.41
# year: 1985
        0.00         0.57         0.44         0.32         0.31
        0.92         0.59         0.49         0.42         0.41
# year: 1986
        0.00         0.57         0.44         0.32         0.31
        0.92         0.59         0.49         0.42         0.41
# year: 1987
        0.00         0.57         0.44         0.32         0.31
        0.92         0.59         0.49         0.42         0.41
# year: 1988
        0.00         0.57         0.44         0.32         0.31
        0.92         0.59         0.49         0.42         0.41
# year: 1989
        0.00         0.57         0.44         0.32         0.31
        0.92         0.59         0.49         0.42         0.41
# year: 1990
        0.00         0.57         0.44         0.32         0.31
        0.92         0.59         0.49         0.42         0.41
# year: 1991
        0.00         0.57         0.44         0.32         0.31
        0.92         0.59         0.49         0.42         0.41
# year: 1992
        0.00         0.57         0.44         0.32         0.31
        0.92         0.59         0.49         0.42         0.41
# year: 1993
        0.00         0.57         0.44         0.32         0.31
        0.92         0.59         0.49         0.42         0.41
# year: 1994
        0.00         0.57         0.44         0.32         0.31
        0.92         0.59         0.49         0.42         0.41
# year: 1995
        0.00         0.57         0.44         0.32         0.31
        0.92         0.59         0.49         0.42         0.41
# year: 1996
        0.00         0.57         0.44         0.32         0.31
        0.92         0.59         0.49         0.42         0.41
# year: 1997
        0.00         0.57         0.44         0.32         0.31
        0.92         0.59         0.49         0.42         0.41
# year: 1998
        0.00         0.57         0.44         0.32         0.31
        0.92         0.59         0.49         0.42         0.41
# year: 1999
        0.00         0.57         0.44         0.32         0.31
        0.92         0.59         0.49         0.42         0.41
# year: 2000
        0.00         0.57         0.44         0.32         0.31
        0.92         0.59         0.49         0.42         0.41
# year: 2001
        0.00         0.57         0.44         0.32         0.31
        0.92         0.59         0.49         0.42         0.41
# year: 2002
        0.00         0.57         0.44         0.32         0.31
        0.92         0.59         0.49         0.42         0.41
# year: 2003
        0.00         0.57         0.44         0.32         0.31
        0.92         0.59         0.49         0.42         0.41
# year: 2004
        0.00         0.57         0.44         0.32         0.31
        0.92         0.59         0.49         0.42         0.41
# year: 2005
        0.00         0.57         0.44         0.32         0.31
        0.92         0.59         0.49         0.42         0.41
# year: 2006
        0.00         0.57         0.44         0.32         0.31
        0.92         0.59         0.49         0.42         0.41
# year: 2007
        0.00         0.57         0.44         0.32         0.31
        0.92         0.59         0.49         0.42         0.41
# year: 2008
        0.00         0.57         0.44         0.32         0.31
        0.92         0.59         0.49         0.42         0.41
# year: 2009
        0.00         0.57         0.44         0.32         0.31
        0.92         0.59         0.49         0.42         0.41
# year: 2010
        0.00         0.57         0.44         0.32         0.31
        0.92         0.59         0.49         0.42         0.41
# year: 2011
        0.00         0.57         0.44         0.32         0.31
        0.92         0.59         0.49         0.42         0.41
# year: 2012
        0.00         0.57         0.44         0.32         0.31
        0.92         0.59         0.49         0.42         0.41
# year: 2013
        0.00         0.57         0.44         0.32         0.31
        0.92         0.59         0.49         0.42         0.41
# year: 2014
        0.00         0.57         0.44         0.32         0.31
        0.92         0.59         0.49         0.42         0.41
# year: 2015
        0.00         0.57         0.44         0.32         0.31
        0.92         0.59         0.49         0.42         0.41
# year: 2016
        0.00         0.57         0.44         0.32         0.31
        0.92         0.59         0.49         0.42         0.41
# year: 2017 average from:2016
        0.00         0.57         0.44         0.32         0.31
        0.92         0.59         0.49         0.42         0.41
# year: 2018 average from:2016
        0.00         0.57         0.44         0.32         0.31
        0.92         0.59         0.49         0.42         0.41
# year: 2019 average from:2016
        0.00         0.57         0.44         0.32         0.31
        0.92         0.59         0.49         0.42         0.41
# year: 2020 average from:2016
        0.00         0.57         0.44         0.32         0.31
        0.92         0.59         0.49         0.42         0.41
# year: 2021 average from:2016
        0.00         0.57         0.44         0.32         0.31
        0.92         0.59         0.49         0.42         0.41
# year: 2022 average from:2016
        0.00         0.57         0.44         0.32         0.31
        0.92         0.59         0.49         0.42         0.41
# year: 2023 average from:2016
        0.00         0.57         0.44         0.32         0.31
        0.92         0.59         0.49         0.42         0.41