0    0.601912258    0.487107766    0.383695615    0.34491314    #    1983    mix    1
0.838673269    0.624527144    0.467960981    0.416378843    0.39868804    #    1983    mix    2
0    0.601912258    0.487107766    0.383695615    0.34491314    #    1984    mix    1
0.838673269    0.624527144    0.467960981    0.416378843    0.39868804    #    1984    mix    2
0    0.601912258    0.487107766    0.383695615    0.34491314    #    1985    mix    1
0.838673269    0.624527144    0.467960981    0.416378843    0.39868804    #    1985    mix    2
0    0.601912258    0.487107766    0.383695615    0.34491314    #    1986    mix    1
0.838673269    0.624527144    0.467960981    0.416378843    0.39868804    #    1986    mix    2
0    0.601912258    0.487107766    0.383695615    0.34491314    #    1987    mix    1
0.838673269    0.624527144    0.467960981    0.416378843    0.39868804    #    1987    mix    2
0    0.601912258    0.487107766    0.383695615    0.34491314    #    1988    mix    1
0.838673269    0.624527144    0.467960981    0.416378843    0.39868804    #    1988    mix    2
0    0.601912258    0.487107766    0.383695615    0.34491314    #    1989    mix    1
0.838673269    0.624527144    0.467960981    0.416378843    0.39868804    #    1989    mix    2
0    0.601912258    0.487107766    0.383695615    0.34491314    #    1990    mix    1
0.838673269    0.624527144    0.467960981    0.416378843    0.39868804    #    1990    mix    2
0    0.601912258    0.487107766    0.383695615    0.34491314    #    1991    mix    1
0.838673269    0.624527144    0.467960981    0.416378843    0.39868804    #    1991    mix    2
0    0.601912258    0.487107766    0.383695615    0.34491314    #    1992    mix    1
0.838673269    0.624527144    0.467960981    0.416378843    0.39868804    #    1992    mix    2
0    0.601912258    0.487107766    0.383695615    0.34491314    #    1993    mix    1
0.838673269    0.624527144    0.467960981    0.416378843    0.39868804    #    1993    mix    2
0    0.601912258    0.487107766    0.383695615    0.34491314    #    1994    mix    1
0.838673269    0.624527144    0.467960981    0.416378843    0.39868804    #    1994    mix    2
0    0.601912258    0.487107766    0.383695615    0.34491314    #    1995    mix    1
0.838673269    0.624527144    0.467960981    0.416378843    0.39868804    #    1995    mix    2
0    0.601912258    0.487107766    0.383695615    0.34491314    #    1996    mix    1
0.838673269    0.624527144    0.467960981    0.416378843    0.39868804    #    1996    mix    2
0    0.601912258    0.487107766    0.383695615    0.34491314    #    1997    mix    1
0.838673269    0.624527144    0.467960981    0.416378843    0.39868804    #    1997    mix    2
0    0.601912258    0.487107766    0.383695615    0.34491314    #    1998    mix    1
0.838673269    0.624527144    0.467960981    0.416378843    0.39868804    #    1998    mix    2
0    0.601912258    0.487107766    0.383695615    0.34491314    #    1999    mix    1
0.838673269    0.624527144    0.467960981    0.416378843    0.39868804    #    1999    mix    2
0    0.601912258    0.487107766    0.383695615    0.34491314    #    2000    mix    1
0.838673269    0.624527144    0.467960981    0.416378843    0.39868804    #    2000    mix    2
0    0.601912258    0.487107766    0.383695615    0.34491314    #    2001    mix    1
0.838673269    0.624527144    0.467960981    0.416378843    0.39868804    #    2001    mix    2
0    0.601912258    0.487107766    0.383695615    0.34491314    #    2002    mix    1
0.838673269    0.624527144    0.467960981    0.416378843    0.39868804    #    2002    mix    2
0    0.601912258    0.487107766    0.383695615    0.34491314    #    2003    mix    1
0.838673269    0.624527144    0.467960981    0.416378843    0.39868804    #    2003    mix    2
0    0.601912258    0.487107766    0.383695615    0.34491314    #    2004    mix    1
0.838673269    0.624527144    0.467960981    0.416378843    0.39868804    #    2004    mix    2
0    0.601912258    0.487107766    0.383695615    0.34491314    #    2005    mix    1
0.838673269    0.624527144    0.467960981    0.416378843    0.39868804    #    2005    mix    2
0    0.601912258    0.487107766    0.383695615    0.34491314    #    2006    mix    1
0.838673269    0.624527144    0.467960981    0.416378843    0.39868804    #    2006    mix    2
0    0.601912258    0.487107766    0.383695615    0.34491314    #    2007    mix    1
0.838673269    0.624527144    0.467960981    0.416378843    0.39868804    #    2007    mix    2
0    0.601912258    0.487107766    0.383695615    0.34491314    #    2008    mix    1
0.838673269    0.624527144    0.467960981    0.416378843    0.39868804    #    2008    mix    2
0    0.601912258    0.487107766    0.383695615    0.34491314    #    2009    mix    1
0.838673269    0.624527144    0.467960981    0.416378843    0.39868804    #    2009    mix    2
0    0.601912258    0.487107766    0.383695615    0.34491314    #    2010    mix    1
0.838673269    0.624527144    0.467960981    0.416378843    0.39868804    #    2010    mix    2
0    0.601912258    0.487107766    0.383695615    0.34491314    #    2011    mix    1
0.838673269    0.624527144    0.467960981    0.416378843    0.39868804    #    2011    mix    2
0    0.601912258    0.487107766    0.383695615    0.34491314    #    2012    mix    1
0.838673269    0.624527144    0.467960981    0.416378843    0.39868804    #    2012    mix    2
0    0.601912258    0.487107766    0.383695615    0.34491314    #    2013    mix    1
0.838673269    0.624527144    0.467960981    0.416378843    0.39868804    #    2013    mix    2
0    0.601912258    0.487107766    0.383695615    0.34491314    #    2014    mix    1
0.838673269    0.624527144    0.467960981    0.416378843    0.39868804    #    2014    mix    2
0    0.601912258    0.487107766    0.383695615    0.34491314    #    2015    mix    1
0.838673269    0.624527144    0.467960981    0.416378843    0.39868804    #    2015    mix    2
0    0.601912258    0.487107766    0.383695615    0.34491314    #    2016    mix    1
0.838673269    0.624527144    0.467960981    0.416378843    0.39868804    #    2016    mix    2
0    0.601912258    0.487107766    0.383695615    0.34491314    #    2017    mix    1
0.838673269    0.624527144    0.467960981    0.416378843    0.39868804    #    2017    mix    2
0    0.601912258    0.487107766    0.383695615    0.34491314    #    2018    mix    1
0.838673269    0.624527144    0.467960981    0.416378843    0.39868804    #    2018    mix    2
0    0.601912258    0.487107766    0.383695615    0.34491314    #    2019    mix    1
0.838673269    0.624527144    0.467960981    0.416378843    0.39868804    #    2019    mix    2
0    0.601912258    0.487107766    0.383695615    0.34491314    #    2020    mix    1
0.838673269    0.624527144    0.467960981    0.416378843    0.39868804    #    2020    mix    2
0    0.601912258    0.487107766    0.383695615    0.34491314    #    2021    mix    1
0.838673269    0.624527144    0.467960981    0.416378843    0.39868804    #    2021    mix    2
0    0.595153428    0.485895055    0.381597621    0.343573846    #    2022    mix    1
0.838673269    0.624527144    0.467960981    0.416378843    0.39868804    #    2022    mix    2
0    0.595153428    0.485895055    0.381597621    0.343573846    #    2023    mix    1
0.838673269    0.624527144    0.467960981    0.416378843    0.39868804    #    2023    mix    2
