0         0.05026422         0.776436964         0.952302704         0.996024507         #         1
0         0.05026422         0.776436964         0.952302704         0.996024507         #         2
0         0.05026422         0.776436964         0.952302704         0.996024507         #         1
0         0.05026422         0.776436964         0.952302704         0.996024507         #         2
0         0.05026422         0.776436964         0.952302704         0.996024507         #         1
0         0.05026422         0.776436964         0.952302704         0.996024507         #         2
0         0.05026422         0.776436964         0.952302704         0.996024507         #         1
0         0.05026422         0.776436964         0.952302704         0.996024507         #         2
0         0.05026422         0.776436964         0.952302704         0.996024507         #         1
0         0.05026422         0.776436964         0.952302704         0.996024507         #         2
0         0.05026422         0.776436964         0.952302704         0.996024507         #         1
0         0.05026422         0.776436964         0.952302704         0.996024507         #         2
0         0.05026422         0.776436964         0.952302704         0.996024507         #         1
0         0.05026422         0.776436964         0.952302704         0.996024507         #         2
0         0.05026422         0.776436964         0.952302704         0.996024507         #         1
0         0.05026422         0.776436964         0.952302704         0.996024507         #         2
0         0.05026422         0.776436964         0.952302704         0.996024507         #         1
0         0.05026422         0.776436964         0.952302704         0.996024507         #         2
0         0.05026422         0.776436964         0.952302704         0.996024507         #         1
0         0.05026422         0.776436964         0.952302704         0.996024507         #         2
0         0.05026422         0.776436964         0.952302704         0.996024507         #         1
0         0.05026422         0.776436964         0.952302704         0.996024507         #         2
0         0.05026422         0.776436964         0.952302704         0.996024507         #         1
0         0.05026422         0.776436964         0.952302704         0.996024507         #         2
0         0.05026422         0.776436964         0.952302704         0.996024507         #         1
0         0.05026422         0.776436964         0.952302704         0.996024507         #         2
0         0.05026422         0.776436964         0.952302704         0.996024507         #         1
0         0.05026422         0.776436964         0.952302704         0.996024507         #         2
0         0.05026422         0.776436964         0.952302704         0.996024507         #         1
0         0.05026422         0.776436964         0.952302704         0.996024507         #         2
0         0.05026422         0.776436964         0.952302704         0.996024507         #         1
0         0.05026422         0.776436964         0.952302704         0.996024507         #         2
0         0.05026422         0.776436964         0.952302704         0.996024507         #         1
0         0.05026422         0.776436964         0.952302704         0.996024507         #         2
0         0.05026422         0.776436964         0.952302704         0.996024507         #         1
0         0.05026422         0.776436964         0.952302704         0.996024507         #         2
0         0.05026422         0.776436964         0.952302704         0.996024507         #         1
0         0.05026422         0.776436964         0.952302704         0.996024507         #         2
0         0.05026422         0.776436964         0.952302704         0.996024507         #         1
0         0.05026422         0.776436964         0.952302704         0.996024507         #         2
0         0.05026422         0.776436964         0.952302704         0.996024507         #         1
0         0.05026422         0.776436964         0.952302704         0.996024507         #         2
0         0.05026422         0.776436964         0.952302704         0.996024507         #         1
0         0.05026422         0.776436964         0.952302704         0.996024507         #         2
0         0.05026422         0.776436964         0.952302704         0.996024507         #         1
0         0.05026422         0.776436964         0.952302704         0.996024507         #         2
0         0.05026422         0.776436964         0.952302704         0.996024507         #         1
0         0.05026422         0.776436964         0.952302704         0.996024507         #         2
0         0.05026422         0.776436964         0.952302704         0.996024507         #         1
0         0.05026422         0.776436964         0.952302704         0.996024507         #         2
0         0.05026422         0.776436964         0.952302704         0.996024507         #         1
0         0.05026422         0.776436964         0.952302704         0.996024507         #         2
0         0.05026422         0.776436964         0.952302704         0.996024507         #         1
0         0.05026422         0.776436964         0.952302704         0.996024507         #         2
0         0.05026422         0.776436964         0.952302704         0.996024507         #         1
0         0.05026422         0.776436964         0.952302704         0.996024507         #         2
0         0.033976033         0.780458896         0.952302704         0.996024507         #         1
0         0.033976033         0.780458896         0.952302704         0.996024507         #         2
0         0.026860018         0.790884433         0.952302704         0.996024507         #         1
0         0.026860018         0.790884433         0.952302704         0.996024507         #         2
0         0.032207937         0.753729851         0.938866802         0.996024507         #         1
0         0.032207937         0.753729851         0.938866802         0.996024507         #         2
0         0.026090482         0.654300788         0.977133244         0.996715319         #         1
0         0.026090482         0.654300788         0.977133244         0.996715319         #         2
0         0.028205183         0.644135864         0.977395883         0.997668847         #         1
0         0.028205183         0.644135864         0.977395883         0.997668847         #         2
0         0.013189944         0.745234096         0.976063967         0.997663557         #         1
0         0.013189944         0.745234096         0.976063967         0.997663557         #         2
0         0.01253991         0.612165375         0.965061757         0.994584367         #         1
0         0.01253991         0.612165375         0.965061757         0.994584367         #         2
0         0.018702001         0.614861059         0.965386402         0.994960738         #         1
0         0.018702001         0.614861059         0.965386402         0.994960738         #         2
0         0.014099832         0.595391017         0.979756333         0.995298011         #         1
0         0.014099832         0.595391017         0.979756333         0.995298011         #         2
0         0.015326072         0.580749283         0.977490199         0.990737404         #         1
0         0.015326072         0.580749283         0.977490199         0.990737404         #         2
0         0.013636151         0.58543048         0.973319844         0.990940878         #         1
0         0.013636151         0.58543048         0.973319844         0.990940878         #         2
0         0.013016453         0.495505689         0.971560474         0.990162237         #         1
0         0.013016453         0.495505689         0.971560474         0.990162237         #         2
