0    0.025490205    0.67239225    0.963271156    0.994144195
0    0.025490205    0.67239225    0.963271156    0.994144195
0    0.025490205    0.67239225    0.963271156    0.994144195
0    0.025490205    0.67239225    0.963271156    0.994144195
0    0.025490205    0.67239225    0.963271156    0.994144195
0    0.025490205    0.67239225    0.963271156    0.994144195
0    0.025490205    0.67239225    0.963271156    0.994144195
0    0.025490205    0.67239225    0.963271156    0.994144195
0    0.025490205    0.67239225    0.963271156    0.994144195
0    0.025490205    0.67239225    0.963271156    0.994144195
0    0.025490205    0.67239225    0.963271156    0.994144195
0    0.025490205    0.67239225    0.963271156    0.994144195
0    0.025490205    0.67239225    0.963271156    0.994144195
0    0.025490205    0.67239225    0.963271156    0.994144195
0    0.025490205    0.67239225    0.963271156    0.994144195
0    0.025490205    0.67239225    0.963271156    0.994144195
0    0.025490205    0.67239225    0.963271156    0.994144195
0    0.025490205    0.67239225    0.963271156    0.994144195
0    0.025490205    0.67239225    0.963271156    0.994144195
0    0.025490205    0.67239225    0.963271156    0.994144195
0    0.025490205    0.67239225    0.963271156    0.994144195
0    0.025490205    0.67239225    0.963271156    0.994144195
0    0.025490205    0.67239225    0.963271156    0.994144195
0    0.025490205    0.67239225    0.963271156    0.994144195
0    0.025490205    0.67239225    0.963271156    0.994144195
0    0.025490205    0.67239225    0.963271156    0.994144195
0    0.025490205    0.67239225    0.963271156    0.994144195
0    0.025490205    0.67239225    0.963271156    0.994144195
0    0.025490205    0.67239225    0.963271156    0.994144195
0    0.025490205    0.67239225    0.963271156    0.994144195
0    0.025490205    0.67239225    0.963271156    0.994144195
0    0.025490205    0.67239225    0.963271156    0.994144195
0    0.025490205    0.67239225    0.963271156    0.994144195
0    0.025490205    0.67239225    0.963271156    0.994144195
0    0.025490205    0.67239225    0.963271156    0.994144195
0    0.025490205    0.67239225    0.963271156    0.994144195
0    0.025490205    0.67239225    0.963271156    0.994144195
0    0.025490205    0.67239225    0.963271156    0.994144195
0    0.025490205    0.67239225    0.963271156    0.994144195
0    0.025490205    0.67239225    0.963271156    0.994144195
0    0.025490205    0.67239225    0.963271156    0.994144195
0    0.025490205    0.67239225    0.963271156    0.994144195
0    0.025490205    0.67239225    0.963271156    0.994144195
0    0.025490205    0.67239225    0.963271156    0.994144195
0    0.025490205    0.67239225    0.963271156    0.994144195
0    0.025490205    0.67239225    0.963271156    0.994144195
0    0.025490205    0.67239225    0.963271156    0.994144195
0    0.025490205    0.67239225    0.963271156    0.994144195
0    0.025490205    0.67239225    0.963271156    0.994144195
0    0.025490205    0.67239225    0.963271156    0.994144195
0    0.025490205    0.67239225    0.963271156    0.994144195
0    0.025490205    0.67239225    0.963271156    0.994144195
0    0.025490205    0.67239225    0.963271156    0.994144195
0    0.025490205    0.67239225    0.963271156    0.994144195
0    0.025490205    0.67239225    0.963271156    0.994144195
0    0.025490205    0.67239225    0.963271156    0.994144195
0    0.025490205    0.67239225    0.963271156    0.994144195
0    0.025490205    0.67239225    0.963271156    0.994144195
0    0.025490205    0.67239225    0.963271156    0.994144195
0    0.025490205    0.67239225    0.963271156    0.994144195
0    0.025490205    0.67239225    0.963271156    0.994144195
0    0.025490205    0.67239225    0.963271156    0.994144195
0    0.025490205    0.67239225    0.963271156    0.994144195
0    0.025490205    0.67239225    0.963271156    0.994144195
0    0.025490205    0.67239225    0.963271156    0.994144195
0    0.025490205    0.67239225    0.963271156    0.994144195
0    0.025490205    0.67239225    0.963271156    0.994144195
0    0.025490205    0.67239225    0.963271156    0.994144195
0    0.025490205    0.67239225    0.963271156    0.994144195
0    0.025490205    0.67239225    0.963271156    0.994144195
0    0.025490205    0.67239225    0.963271156    0.994144195
0    0.025490205    0.67239225    0.963271156    0.994144195
0    0.025490205    0.67239225    0.963271156    0.994144195
0    0.025490205    0.67239225    0.963271156    0.994144195
0    0.025490205    0.67239225    0.963271156    0.994144195
0    0.025490205    0.67239225    0.963271156    0.994144195
0    0.025490205    0.67239225    0.963271156    0.994144195
0    0.025490205    0.67239225    0.963271156    0.994144195
0    0.025490205    0.67239225    0.963271156    0.994144195
0    0.025490205    0.67239225    0.963271156    0.994144195
0    0.025490205    0.67239225    0.963271156    0.994144195
0    0.025490205    0.67239225    0.963271156    0.994144195
