0.0027819848	0.0056311798	0.0104470798	0.0183440881	0.0207794642	#	1983	1
0.003005902	0.0130754579	0.0237884284	0.0254730787	0.01771	#	1983	2
0.0027819848	0.0055788314	0.0124766723	0.0146179353	0.0184071319	#	1984	1
0.0035080905	0.0107254433	0.0266393695	0.0235230443	0.01771	#	1984	2
0.0027819848	0.0055435843	0.0102009123	0.0176571531	0.0338543687	#	1985	1
0.0026007235	0.0100954729	0.0195682612	0.0221702935	0.0302015048	#	1985	2
0.0027819848	0.005598412	0.0117484137	0.0181576194	0.0163	#	1986	1
0.0030127995	0.0098959852	0.0187351935	0.01412	0.01876	#	1986	2
0.0027819848	0.0057201515	0.0111496665	0.0161564547	0.0215062256	#	1987	1
0.0019611809	0.0107628579	0.0110026861	0.0214	0.01985	#	1987	2
0.0027819848	0.0052019235	0.0128449866	0.0160420803	0.018873238	#	1988	1
0.00303	0.01323	0.0240605318	0.0188183119	0.0269286905	#	1988	2
0.0016878121	0.0050017696	0.0128649988	0.0160590032	0.01801	#	1989	1
0.0049995627	0.0091064779	0.0156359353	0.017	0.01901	#	1989	2
0.0027819848	0.0048502283	0.0126539263	0.0188016033	0.02629917	#	1990	1
0.0030001568	0.012665726	0.0237326113	0.0305093048	0.0368733588	#	1990	2
0.0027819848	0.0076172839	0.0158040767	0.0196848527	0.024183452	#	1991	1
0.0031269183	0.0077240949	0.0137601347	0.0124341667	0.044	#	1991	2
0.0027819848	0.0060725587	0.0113244626	0.0183587111	0.028949941	#	1992	1
0.0054704421	0.0098591418	0.01689524	0.02004	0.02258	#	1992	2
0.0019401689	0.0070188233	0.0156633046	0.0168050824	0.021185518	#	1993	1
0.0023443996	0.0138431315	0.0157962048	0.0173168686	0.019330129	#	1993	2
0.0027817086	0.0042041226	0.0091046741	0.0221322074	0.0274761073	#	1994	1
0.0035104128	0.0072608514	0.0166308922	0.0233405891	0.023860047	#	1994	2
0.0051981418	0.0093143667	0.0153749152	0.0198645996	0.0208383994	#	1995	1
0.0052713519	0.0092627405	0.014754865	0.0190835662	0.020974194	#	1995	2
0.0032159043	0.0057890584	0.0159000799	0.019482495	0.02882868	#	1996	1
0.0030337373	0.0045977485	0.0175892964	0.0192167924	0.026104665	#	1996	2
0.0023383068	0.0043528754	0.0079944542	0.0093315502	0.0184460429	#	1997	1
0.004547431	0.0066788742	0.0114692421	0.01612423	0.0177735766	#	1997	2
0.0033175218	0.0061468422	0.0109643016	0.0162515048	0.0210264065	#	1998	1
0.0037295088	0.0144538859	0.0144809562	0.0168618189	0.0177111597	#	1998	2
0.004276216	0.007102647	0.0131470442	0.0159775285	0.0185227505	#	1999	1
0.0038272235	0.0068258509	0.0125946929	0.0175812944	0.0266690686	#	1999	2
0.0027249343	0.0072488297	0.0136691234	0.0169712434	0.0201026434	#	2000	1
0.0034877944	0.0115441769	0.0134991316	0.0186009455	0.0187622752	#	2000	2
0.002796169	0.0056603664	0.0138398755	0.0175447658	0.020602877	#	2001	1
0.0029707026	0.0045862665	0.0126750225	0.0184070112	0.0219953196	#	2001	2
0.0027740146	0.0056721917	0.0125722675	0.0174117781	0.0204797007	#	2002	1
0.0035014919	0.0076931353	0.0146635749	0.0157259456	0.0178128756	#	2002	2
0.0026337658	0.0060980051	0.0115109755	0.0139093669	0.0157260372	#	2003	1
0.0032335183	0.005840398	0.0125618665	0.025039375	0.0297604485	#	2003	2
0.0039023741	0.0070289533	0.0105342506	0.0132885736	0.0165148876	#	2004	1
0.0036094881	0.0086980583	0.0119035198	0.0127984694	0.0136051722	#	2004	2
0.0027847892	0.0073191229	0.0118274779	0.0142454521	0.014451773	#	2005	1
0.0035080905	0.0091464798	0.0157635196	0.0192744384	0.0250570873	#	2005	2
0.0027837966	0.0083941949	0.0113595582	0.0132700195	0.0144800817	#	2006	1
0.0035080905	0.0091464798	0.0157635196	0.0192744384	0.0250570873	#	2006	2
0.0046406057	0.0071205963	0.0143662828	0.015905643	0.0192972843	#	2007	1
0.0035080905	0.0091464798	0.0157635196	0.0192744384	0.0250570873	#	2007	2
0.0027729902	0.0058272672	0.0149915134	0.0227584807	0.0305703709	#	2008	1
0.0035080905	0.0091464798	0.0157635196	0.0192744384	0.0250570873	#	2008	2
0.002470365	0.0061892015	0.0120876142	0.0165024118	0.0178902252	#	2009	1
0.0033097743	0.0050840002	0.0248947315	0.0385176857	0.0181637923	#	2009	2
0.0026926338	0.0056341631	0.0107623338	0.0232921231	0.0251720909	#	2010	1
0.0035080905	0.0091464798	0.0157635196	0.0192744384	0.0250570873	#	2010	2
0.0027484153	0.0072467822	0.0120054247	0.0138293777	0.0146955419	#	2011	1
0.0035080905	0.0091464798	0.0157635196	0.0192744384	0.0250570873	#	2011	2
0.0035627036	0.0087278212	0.0127297715	0.0140671661	0.0156296328	#	2012	1
0.0035080905	0.0091464798	0.0157635196	0.0192744384	0.0250570873	#	2012	2
0.0027824989	0.0063897366	0.0086627022	0.0151061494	0.0153793586	#	2013	1
0.0035069646	0.0096507362	0.0128471763	0.0151917739	0.0164430055	#	2013	2
0.0027750226	0.0050430774	0.0098886461	0.0126527532	0.0164185179	#	2014	1
0.0035080905	0.0091464798	0.0157635196	0.0192744384	0.0250570873	#	2014	2
0.0027820173	0.0068693399	0.0126316392	0.0147195696	0.0157096103	#	2015	1
0.0035080905	0.0091464798	0.0157635196	0.0192744384	0.0250570873	#	2015	2
0.0017715253	0.0033710218	0.0127273298	0.0142222871	0.0152530711	#	2016	1
0.0035080905	0.0091464798	0.0157635196	0.0192744384	0.0250570873	#	2016	2
0.0027812497	0.0057559963	0.0088678463	0.0127914152	0.0188851803	#	2017	1
0.0035020011	0.0081312288	0.0134746498	0.0110458885	0.0211736311	#	2017	2
0.0027770906	0.0049656412	0.0094222454	0.0130345224	0.0145788636	#	2018	1
0.0035080905	0.0091464798	0.0157635196	0.0192744384	0.0250570873	#	2018	2
0.0048480218	0.0079738711	0.0129612528	0.0159095901	0.0186214062	#	2019	1
0.0035080905	0.0091464798	0.0157635196	0.0192744384	0.0250570873	#	2019	2
0.0041775941	0.0067317579	0.0149762264	0.0175995672	0.0243474807	#	2020	1
0.0035080905	0.0091464798	0.0157635196	0.0192744384	0.0250570873	#	2020	2
0.0027486784	0.0048484395	0.0117735435	0.0166420837	0.0188467034	#	2021	1
0.0035080905	0.0091464798	0.0157635196	0.0192744384	0.0250570873	#	2021	2
0.00346652692	0.0060551412	0.01160022288	0.01519543572	0.01905592684	#	5	1
0.00350687262	0.0089434296	0.01530574564	0.01762872842	0.02428039606	#	5	1
