5512        18938558     2062746     160842     0          #     1986     1     sat     til     0
7964530     7986880      533151      2472       0          #     1986     2     sat     til     0
0           33759764     14020214    453114     199797     #     1987     1               
5156        65133        4402        0          0          #     1987     2     sat     til     0
1639378     6583910      17320636    893461     19296      #     1988     1               
8768859     852565       233220      143977     13414      #     1988     2               
5074508     47004455     1844205     2806043    4091       #     1989     1               
159140      190120       12901       0          0          #     1989     2     sat     til     0
0           9302202      2790710     412858     124997     #     1990     1               
9792640     1377146      285578      42584      12527      #     1990     2               
0           24008733     1390649     526003     184169     #     1991     1               
14442335    942074       30405       8715       3176       #     1991     2               
95416       7100077      2862149     342206     214730     #     1992     1               
525419      87265        8410        3362       728        #     1992     2               
8186203     15163844     558458      211339     1336086    #     1993     1               
9662913     850927       154686      70612      12195      #     1993     2               
0           23741573     4817749     938476     386452     #     1994     1               
0           614909       684228      77945      10064      #     1994     2               
8865434     25037102     1893811     238187     155747     #     1995     1               
1020142     483714       78009       12661      17071      #     1995     2               
104675      4319201      3393635     464830     398636     #     1996     1               
6262635     3111378      96913       32879      247648     #     1996     2               
841249      66856217     2911801     606997     194194     #     1997     1               
2975268     10387940     134153      12655      9368       #     1997     2               
1293874     3953888      28136743    2552888    290096     #     1998     1               
30136075    992451       740255      192391     31983      #     1998     2               
336267      5182181      1553570     1979272    421461     #     1999     1               
6443502     1835347      118026      400916     169073     #     1999     2               
2009278     18792767     3286266     541129     533035     #     2000     1               
0           343747       3749        1421       8735       #     2000     2               
1653135     5327137      991940      163012     160096     #     2001     1               
18262722    3968023      9186        2437       5818       #     2001     2               
0           9075154      2680501     387226     135214     #     2002     1     sat     til     0
0           20983        2940        972        0          #     2002     2     sat     til     0
457702      939264       807536      129911     78008      #     2003     1               
2754627     61180        53181       1981       618        #     2003     2               
409234      1975717      255504      74336      91547      #     2004     1               
1090991     737017       15674       6082       667        #     2004     2               
0           1404001      145503      20577      12410      #     2005     1     sat     til     0
0           520          479         0          0          #     2005     2     sat     til     0
0           768971       46719       26550      4038       #     2006     1               
0           2875         665         436        417        #     2006     2     sat     til     0
89870       8600016      570907      86201      18766      #     2007     1               
0           0            0           0          0          #     2007     2               
55096       4077210      2012234     459671     73109      #     2008     1               
0           0            0           0          0          #     2008     2               
13017       827482       69483       8273       0          #     2009     1     sat     til     0
948         11540        1727        0          0          #     2009     2     sat     til     0
0           3041699      740237      1006304    172793     #     2010     1               
0           50881        1379        1073       0          #     2010     2     sat     til     0
0           1304406      5223852     825133     24091      #     2011     1               
0           0            0           0          0          #     2011     2               
0           31625        186321      1157430    356271     #     2012     1               
0           0            0           0          0          #     2012     2               
0           648273       211090      55294      42412      #     2013     1               
0           0            0           0          0          #     2013     2               
1578896     5383521      2372710     642831     319330     #     2014     1               
0           0            0           0          0          #     2014     2               
0           6450913      2339743     956214     98917      #     2015     1               
0           0            0           0          0          #     2015     2     sat     til     0
750331      155772       2005683     415113     284232     #     2016     1
0           0            0           0          0          #     2016     2
0           11734198.8   670880.4    434279.9   408730.7732    #     1     2017
0           0            0           0          0              #     2     2017
106.7011124       413210.6399       6630554.951       39927.01839       305220.1223       #     1     2018
11.46408582       5644.06242        47518.90705       782.0126471       1184.664785       #     2     2018
152489.121        7105401.353       715680.3167       4241202.986       130779.8164       #     1     2019
36.3661665        260.2539726       13.54334104       115.9164676       7.520395605       #     2     2019 
298368.3977       21133400.73       1980933.008       390642.289        1248618.718       #     1     2020
0                 0                 0                 0                 0                 #     2     2020
38961.21461       3210903.483       2768203.953       529656.7121       1377835.459       #     1     2021
11020.03895       6395.484581       1380.248776       96.80225546       215.1277889       #     2     2021

