tempint1 
         0         0         0         0         0         0         0         0         0         0    0.0141     0.131     0.457     0.794      0.95     0.995         1     0.995     0.961     0.869     0.719     0.578     0.487     0.369     0.282      0.22     0.174      0.14     0.115     0.095    0.0797    0.0676    0.0579
m(2) 
         0         0         0         0         0         0         0         0         0         0 2.55e-007 1.51e-006 3.31e-006 4.11e-006 4.03e-006 3.76e-006 3.58e-006 3.39e-006 2.97e-006 2.36e-006 1.67e-006 1.17e-006 8.99e-007 5.92e-007 4.01e-007  2.8e-007 2.01e-007 1.48e-007 1.11e-007 8.56e-008 6.69e-008 5.31e-008 4.27e-008
m(3) 
 1.78e-010 4.47e-009 8.77e-008 1.34e-006 1.59e-005  0.000147   0.00106   0.00597    0.0261     0.108     0.236     0.375     0.606     0.835     0.956     0.995         1     0.995     0.956     0.835     0.606     0.375     0.236    0.0889    0.0261   0.00597   0.00106  0.000147 1.59e-005 1.34e-006 8.77e-008 4.47e-009 1.78e-010
xdistance
 5.51e+004 5.51e+004 5.51e+004 5.51e+004 5.51e+004 5.51e+004 5.51e+004 5.51e+004 5.51e+004 5.51e+004 5.51e+004 8.72e+004 1.38e+005 1.93e+005 2.36e+005 2.64e+005 2.79e+005 2.94e+005 3.23e+005 3.69e+005 4.31e+005 4.94e+005 5.42e+005 6.23e+005 7.04e+005 7.85e+005 8.66e+005 9.48e+005 1.03e+006 1.11e+006 1.19e+006 1.27e+006 1.35e+006

tempint1 
         0         0         0         0         0         0         0         0         0         0   0.00272    0.0745     0.405     0.782     0.949     0.995         1     0.995     0.961     0.868     0.709     0.551     0.452     0.318      0.21     0.135    0.0858    0.0551    0.0361    0.0242    0.0167    0.0118   0.00857
m(2) 
         0         0         0         0         0         0         0         0         0         0  1.7e-009 2.62e-008 9.03e-008 1.28e-007 1.29e-007 1.22e-007 1.17e-007 1.11e-007 9.84e-008 7.91e-008 5.65e-008 3.89e-008 2.94e-008 1.84e-008 1.09e-008  6.4e-009 3.75e-009 2.24e-009 1.37e-009 8.63e-010 5.61e-010 3.75e-010 2.58e-010
m(3) 
 1.78e-010 4.47e-009 8.77e-008 1.34e-006 1.59e-005  0.000147   0.00106   0.00597    0.0261     0.117     0.236     0.375     0.606     0.835     0.956     0.995         1     0.995     0.956     0.835     0.606     0.375     0.236    0.0889    0.0261   0.00597   0.00106  0.000147 1.59e-005 1.34e-006 8.77e-008 4.47e-009 1.78e-010
xdistance
 1.6e+006 1.6e+006 1.6e+006 1.6e+006 1.6e+006 1.6e+006 1.6e+006 1.6e+006 1.6e+006 1.6e+006 1.6e+006 2.84e+006 4.49e+006 6.12e+006 7.34e+006 8.15e+006 8.56e+006 8.96e+006 9.77e+006 1.1e+007 1.26e+007 1.42e+007 1.54e+007 1.73e+007 1.92e+007 2.1e+007 2.29e+007 2.46e+007 2.64e+007 2.81e+007 2.98e+007 3.15e+007 3.32e+007

