5512.3555911 18938558.317 2062745.854 160842.44222 62.591674253 # 1 1986
7964530.4656 7986880.0356 533150.5413 2472.2217312 184.64726623 # 2 1986
0 33759764.423 14020213.826 453113.50675 199797.12313 # 1 1987
5155.6970434 65132.848962 4402.078942 64.745240074 16.846975734 # 2 1987
1639377.8364 6583910.053 17320636.316 893460.94803 19295.541324 # 1 1988
8768858.8174 852564.85774 233220.29726 143977.01056 13414.323757 # 2 1988
5074508.1834 47004454.686 1844205.0612 2806043.2727 4090.5771992 # 1 1989
159139.54974 190120.11009 12900.675907 0.0030099523 0.0105778323 # 2 1989
0 9302202.3591 2790709.9006 412857.81342 124997.19809 # 1 1990
9792640.3253 1377145.8948 285577.97243 42583.628333 12526.885991 # 2 1990
0 24008733.254 1390649.0533 526003.47882 184168.73643 # 1 1991
14442335.357 942073.97193 30404.528635 8715.1094459 3176.1659755 # 2 1991
95415.984704 7100076.7792 2862148.7871 342206.0624 214729.65825 # 1 1992
525418.79739 87265.087789 8410.3980477 3361.8384395 728.04144551 # 2 1992
5672303.5403 14068302.856 734154.35627 262658.96075 1605984.571 # 1 1993
8541145.9858 943661.56887 171511.36874 73419.121555 14206.140328 # 2 1993
0 24556576.532 5200333.0432 1185018.7328 475016.50878 # 1 1994
0 531585.54563 656753.33605 76834.346482 10839.260614 # 2 1994
2905.1398131 34566606.62 2244978.0362 275007.31495 14643.876573 # 1 1995
606195.37653 255388.42356 107034.34695 22064.10213 22764.273531 # 2 1995
69831.188934 4555463.2905 3734608.3357 491886.07334 418587.30614 # 1 1996
5333633.7765 3013285.7688 100734.85726 34806.340999 241928.53059 # 2 1996
1565215.4884 70877072.478 1082219.7667 1002690.1256 688190.63543 # 1 1997
174579.44176 15587994.057 193549.815 101981.28882 10799.098012 # 2 1997
1675027.1439 5352481.0009 30537764.942 1774032.9182 247656.42305 # 1 1998
32690343.133 646545.24377 1679331.2013 28647.229633 4781.2696649 # 2 1998
270584.23092 5535426.676 1182767.369 1772560.0473 287167.97576 # 1 1999
19750392.45 1346997.7253 88067.863011 452548.29355 307109.42001 # 2 1999
1805649.612 18127158.332 4228531.4702 227974.43374 634486.00933 # 1 2000
#311591.73782 182038.63073 27894.210513 32661.717246 30052.382889 # 2 2000
0 0 0 0 0 # 2 2000
1842176.8441 4364796.1031 1719040.7455 11534.421042 205070.67046 # 1 2001
26259325.817 10521142.892 51688.845767 3747.1014779 40990.032431 # 2 2001
0 8655396.8305 2953049.5327 817174.57586 337327.56472 # 1 2002
0 0 0 0 0 # 2 2002
#0 34765.679288 4901.3903129 8084.0062153 2830.7501138 # 2 2002
482513.50194 965231.60565 918392.12704 41488.863662 215490.89701 # 1 2003
3845241.305 97739.424951 56690.561641 4082.3814403 1418.8820582 # 2 2003
622633.99755 2096181.6979 249401.86675 222070.55979 112130.2668 # 1 2004
1826249.4317 950872.56761 12572.887728 4322.7448748 9905.1039932 # 2 2004
0 1491767.4123 234573.9405 7353.890957 26935.779473 # 1 2005
0 0 0 0 0 # 2 2005
#9.3730749044 529.61453479 467.26404083 45.110345968 91.168356773 # 2 2005
0 590010.98952 200354.13889 35319.590014 18852.565039 # 1 2006
0 0 0 0 0 # 2 2006
#0.0128024802 7443.951422 1776.562897 1179.5759587 1132.6311166 # 2 2006
38998.972005 7505394.099 583809.22499 99532.923752 29328.393662 # 1 2007
0 0 0 0 0 # 2 2007
77827.372515 3331645.4577 1800448.3979 381494.15547 134290.92248 # 1 2008
0 0 0 0 0 # 2 2008
580.62694188 890080.43018 91424.679231 5357.5301956 1498.9689632 # 1 2009
0 0 0 0 0 # 2 2009
#5305.2043853 31234.070495 1249.719064 210.27190965 51.923491172 # 2 2009
0 1757855.4471 1530620.3818 333035.35592 122192.341 # 1 2010
#29.867059445 47967.877998 1522.406502 1019.0047054 174.85139462 # 2 2010
0 0 0 0 0 # 2 2010
0 255146.15439 5396835.4437 353406.70499 67841.460614 # 1 2011
0 0 0 0 0 # 2 2011
0 2527.2585675 47978.76132 1062886.6788 325947.92445 # 1 2012
0 0 0 0 0 # 2 2012
0 517451.72383 90643.722832 16297.502141 107783.67751 # 1 2013
0 0 0 0 0 # 2 2013
1463096.3856 5949343.446 932065.41507 87990.587532 89225.340436 # 1 2014
0 0 0 0 0 # 2 2014
0 6981137.6619 1742068.3127 143534.58325 115967.6835 # 1 2015
0 0 0 0 0 # 2 2015
#0 0.7205166026 0.1077439864 0.0282612753 0.0326284278 # 2 2015
727714.00468 132105.66637 2308177.7622 224182.02216 215884.04362 # 1 2016
0 0 0 0 0 # 2 2016
87136.896792 12265724.893 246269.59285 525298.43821 144371.65274 # 1 2017
0 0 0 0 0 # 2 2017
11.401286146 405300.71919 6426089.068 48245.686896 392523.70256 # 1 2018
0 0 0 0 0 # 2 2018
#1.2073715544 1577.8414718 45278.510144 713.5616851 839.25905318 # 2 2018
387599.64326 6583511.9115 757409.00181 4134612.2933 156942.32049 # 1 2019
0 0 0 0 0 # 2 2019
#93.596216932 198.10352566 7.4453266328 124.0919971 6.9956234985 # 2 2019
529266.53184 20203095.952 1763702.6803 367084.1358 1056206.0941 # 1 2020
0 0 0 0 0 # 2 2020
25224.107337 2292520.0917 4238981.1965 996789.56284 2359393.9305 # 1 2021
0 0 0 0 0 # 2 2021
#10375.137031 7270.6187858 1358.9102991 93.660829265 207.86443387 # 2 2021
#238674.98011 1709117.6261 1138035.3872 886473.51654 765848.77559 # 1 2022
#0 0 0 0 0 # 2 2022
