2516.66	#	1986	1
5136.26	#	1987	1
6044.63	#	1988	1
7668.23	#	1989	1
3770.33	#	1990	1
4902.53	#	1991	1
2319.45	#	1992	1
4080.54	#	1993	1
4496.59	#	1994	1
3628.66	#	1995	1
3203.45	#	1996	1
6130.96	#	1997	1
7786.51	#	1998	1
3151.4	#	1999	1
4189.83	#	2000	1
1754.42	#	2001	1
2559.58	#	2002	1
1297.4	#	2003	1
895.14	#	2004	1
518.63	#	2005	1
208.37	#	2006	1
1382.19	#	2007	1
1660.45	#	2008	1
122.74	#	2009	1
1442.09	#	2010	1
1363.81	#	2011	1
687.73	#	2012	1
326.5	#	2013	1
1070.09	#	2014	1
1085.63	#	2015	1
711.16	#	2016	1
1459.57	#	2017	1
1393.09	#	2018	1
1496.32	#	2019	1
3934.97	#	2020	1
1790.51	#	2021	1
#2103.51	#	2022	1
2142.21	#	1986	2
30.86	#	1987	2
1459.79	#	1988	2
90.36	#	1989	2
1404.84	#	1990	2
1166.88	#	1991	2
93.51	#	1992	2
1230.9	#	1993	2
459.27	#	1994	2
208.1	#	1995	2
1221.71	#	1996	2
2011.34	#	1997	2
4275.84	#	1998	2
2974.06	#	1999	2
81.17	#	2000	2
3146.35	#	2001	2
0	#	2002	2
400.23	#	2003	2
417.43	#	2004	2
0	#	2005	2
5.01	#	2006	2
0	#	2007	2
0	#	2008	2
1.59	#	2009	2
10.65	#	2010	2
0	#	2011	2
0	#	2012	2
0	#	2013	2
0	#	2014	2
0	#	2015	2
0	#	2016	2
0	#	2017	2
12.06	#	2018	2
0	#	2019	2
0	#	2020	2
8.27	#	2021	2
#0	#	2022	2
