0.001	74775	5113	#	2006
0.001	45851	46805	#	2007
0.001	97048	66571	#	2008
0.001	85046	128866	#	2009
0.001	6426	74246	#	2010
0.001	3954	19875	#	2011
0.001	114832	4053	#	2012
0.001	205618	5295	#	2013
0.001	635574	66287	#	2014
0.001	10003	448202	#	2015
0.001	543227	4235	#	2016
0.001	13857	90620	#	2017
0.001	292673	102911	#	2018
0.001	379361	116107	#	2019
0.001	245133	282118	#	2020
0.001	59583	119851	#	2021


1.00E-01      7709059   4923332   945294    64034       #      2009
1.00E-01      16852057  6133597   1123186   608574      #      2010
1.00E-01      816160    8622197   855812    192373      #      2011
1.00E-01      846678    211313    3226290   368161      #      2012
1.00E-01      2154468   258250    72615     554478      #      2013
1.00E-01      21889619  1711096   170414    80340       #      2014
1.00E-01      9466601   2254918   686546    7025        #      2015
1.00E-01      79554     6317384   679130    259099      #      2016
1.00E-01      35267582  131653    3465875   631089      #      2017
1.00E-01      1544390   16989620  79820     440330      #      2018
1.00E-01      9564520   464240    15573730  214530      #      2019
1.00E-01      42141650  10064470  535240    9944090     #      2020
1.00E-01      14564254  1297111   2770144   285069      #      2021