0.001	110900	3828	#	2006
0.001	56007	31114	#	2007
0.001	51261	26643	#	2008
0.001	184249	42821	#	2009
0.001	8283	72879	#	2010
0.001	4576	6305	#	2011
0.001	127433	1762	#	2012
0.001	252417	2593	#	2013
0.001	215652	18913	#	2014
0.001	5090	54411	#	2015
0.001	938195	7355	#	2016
0.001	11403	100547	#	2017
0.001	483202	104602	#	2018
0.001	411536	112323	#	2019
0.001	258586	148945	#	2020
0.001	75963	37325	#	2021


1.00E-01      7709059   4923332   945294    64034       #      2009
1.00E-01      16852057  6133597   1123186   608574      #      2010
1.00E-01      816160    8622197   855812    192373      #      2011
1.00E-01      846678    211313    3226290   368161      #      2012
1.00E-01      2154468   258250    72615     554478      #      2013
1.00E-01      21889619  1711096   170414    80340       #      2014
1.00E-01      9466601   2254918   686546    7025        #      2015
1.00E-01      79554     6317384   679130    259099      #      2016
1.00E-01      35267582  131653    3465875   631089      #      2017
1.00E-01      1544390   16989620  79820     440330      #      2018
1.00E-01      9564520   464240    15573730  214530      #      2019
1.00E-01      42141650  10064470  535240    9944090     #      2020
1.00E-01      14564254  1297111   2770144   285069      #      2021