#a0    a1    a2    a3    a4    ff    hy    year    area
0    0.759134667    0.583833    0.458202667    0.38783    #    1    1986    3
1.037084333    0.558102    0.405317667    0.352404733    0.3347994    #    2    1986    3
0    0.759134667    0.583833    0.458202667    0.38783    #    1    1987    3
1.037084333    0.558102    0.405317667    0.352404733    0.3347994    #    2    1987    3
0    0.718456333    0.530568    0.394089333    0.349534667    #    1    1988    3
1.002641    0.606615333    0.408257    0.3303084    0.312703067    #    2    1988    3
0    0.681050333    0.524620667    0.400991667    0.351091    #    1    1989    3
1.012295    0.635009    0.42291    0.339812667    0.3254609    #    2    1989    3
0    0.628255333    0.545287667    0.344334367    0.342832733    #    1    1990    3
1.075021667    0.683690333    0.433003    0.3217058    0.344706333    #    2    1990    3
0    0.655393    0.591187    0.359226033    0.350578733    #    1    1991    3
1.082232    0.603488    0.400212233    0.315740367    0.328346067    #    2    1991    3
0    0.701357667    0.544568667    0.352355033    0.3549844    #    1    1992    3
1.218332333    0.629549    0.376958233    0.3379377    0.353671733    #    2    1992    3
0    0.721068333    0.501636    0.411491    0.377638667    #    1    1993    3
1.206016    0.520263333    0.358052933    0.342713067    0.3430281    #    2    1993    3
0    0.713470333    0.493485333    0.392262333    0.378735667    #    1    1994    3
1.260481667    0.647759333    0.494017367    0.413540167    0.419919367    #    2    1994    3
0    0.697371    0.514667667    0.420955667    0.368215    #    1    1995    3
1.107025667    0.628985333    0.502890367    0.420292167    0.4113487    #    2    1995    3
0    0.647199667    0.528235333    0.415208667    0.355743    #    1    1996    3
1.087465    0.726258333    0.596238667    0.482328667    0.455884667    #    2    1996    3
0    0.655176333    0.525481667    0.446147333    0.376329333    #    1    1997    3
1.074954667    0.727608667    0.52675    0.463756    0.439647333    #    2    1997    3
0    0.679610667    0.575742    0.453554    0.411551667    #    1    1998    3
0.988356    0.660665667    0.486451667    0.431277333    0.416741433    #    2    1998    3
0    0.774567    0.668522333    0.472955667    0.405652367    #    1    1999    3
0.965130667    0.694588667    0.50468    0.491539    0.477921767    #    2    1999    3
0    0.849477333    0.751586667    0.540304667    0.467795367    #    1    2000    3
0.953810333    0.748391667    0.577420667    0.556731    0.521187433    #    2    2000    3
0    0.849575333    0.773782    0.599696333    0.518843033    #    1    2001    3
1.107006667    0.901643333    0.68091    0.661303667    0.622911333    #    2    2001    3
0    0.894177333    0.732766333    0.649858    0.601765333    #    1    2002    3
1.08111    0.919694333    0.647426333    0.626423333    0.593903    #    2    2002    3
0    0.883809    0.742002667    0.695761333    0.603243333    #    1    2003    3
1.082927667    0.924455667    0.660258333    0.678787333    0.670827667    #    2    2003    3
0    0.943193333    0.71906    0.673894333    0.601118667    #    1    2004    3
1.167285    0.937746    0.716441667    0.687206667    0.656202    #    2    2004    3
0    0.936116333    0.796043333    0.651124333    0.573927667    #    1    2005    3
1.175182    0.901141333    0.717366667    0.687398333    0.638274333    #    2    2005    3
0    0.925759667    0.692454333    0.559922    0.554506    #    1    2006    3
1.185317667    0.856555667    0.648765333    0.582051667    0.532288667    #    2    2006    3
0    0.854043667    0.642072667    0.518743333    0.513327333    #    1    2007    3
1.084723    0.809104667    0.554505333    0.517358667    0.496672    #    2    2007    3
0    0.781384667    0.589850667    0.479719667    0.552183333    #    1    2008    3
0.997707    0.718098333    0.488240333    0.451642    0.449074667    #    2    2008    3
0    0.671641667    0.5161786    0.4178446    0.478511267    #    1    2009    3
1.000441667    0.739507333    0.566128667    0.494239333    0.476719    #    2    2009    3
0    0.663962    0.538303933    0.4096346    0.446631267    #    1    2010    3
1.039343667    0.775313    0.585230333    0.521996333    0.503235667    #    2    2010    3
0    0.669629333    0.480821933    0.4275546    0.379961933    #    1    2011    3
1.087369    0.824715333    0.605638    0.547907    0.524886    #    2    2011    3
0    0.716683    0.574236667    0.488786    0.418028667    #    1    2012    3
1.008055667    0.753154333    0.49099    0.471071333    0.461717667    #    2    2012    3
0    0.697853    0.578035333    0.484254667    0.424640333    #    1    2013    3
0.937945    0.682638    0.451941667    0.419254333    0.409121667    #    2    2013    3
0    0.654944333    0.545132333    0.4341995    0.3876541    #    1    2014    3
0.920833333    0.621562667    0.453735    0.408066667    0.386798167    #    2    2014    3
0    0.769446    0.562765667    0.415750167    0.3683961    #    1    2015    3
0.939046    0.672846333    0.537048    0.475089    0.428834833    #    2    2015    3
0    0.721126333    0.520186667    0.381724467    0.3468974    #    1    2016    3
0.916586667    0.66997    0.575809333    0.501534333    0.448005167    #    2    2016    3
0    0.743940667    0.572003667    0.4148693    0.3790833    #    1    2017    3
0.885115    0.719239333    0.614734667    0.510748667    0.465287333    #    2    2017    3
0    0.587803333    0.516182333    0.385169633    0.362084167    #    1    2018    3
0.801308333    0.594997    0.4883218    0.402854367    0.381383067    #    2    2018    3
0    0.587803333    0.516182333    0.385169633    0.362084167    #    1    2019    3
0.801308333    0.594997    0.4883218    0.402854367    0.381383067    #    2    2019    3
0    0.587803333    0.516182333    0.385169633    0.362084167    #    1    2020    3
0.801308333    0.594997    0.4883218    0.402854367    0.381383067    #    2    2020    3
0    0.587803333    0.516182333    0.385169633    0.362084167    #    1    2021    3
0.801308333    0.594997    0.4883218    0.402854367    0.381383067    #    2    2021    3
0    0.587803333    0.516182333    0.385169633    0.362084167    #    1    2022    3
0.801308333    0.594997    0.4883218    0.402854367    0.381383067    #    2    2022    3
0    0.587803333    0.516182333    0.385169633    0.362084167    #    1    2023    3
0.801308333    0.594997    0.4883218    0.402854367    0.381383067    #    2    2023    3
