0    0.035177093    0.72828775    0.961208363    0.996230661
0    0.035177093    0.72828775    0.961208363    0.996230661
0    0.035177093    0.72828775    0.961208363    0.996230661
0    0.035177093    0.72828775    0.961208363    0.996230661
0    0.035177093    0.72828775    0.961208363    0.996230661
0    0.035177093    0.72828775    0.961208363    0.996230661
0    0.035177093    0.72828775    0.961208363    0.996230661
0    0.035177093    0.72828775    0.961208363    0.996230661
0    0.035177093    0.72828775    0.961208363    0.996230661
0    0.035177093    0.72828775    0.961208363    0.996230661
0    0.035177093    0.72828775    0.961208363    0.996230661
0    0.035177093    0.72828775    0.961208363    0.996230661
0    0.035177093    0.72828775    0.961208363    0.996230661
0    0.035177093    0.72828775    0.961208363    0.996230661
0    0.035177093    0.72828775    0.961208363    0.996230661
0    0.035177093    0.72828775    0.961208363    0.996230661
0    0.035177093    0.72828775    0.961208363    0.996230661
0    0.035177093    0.72828775    0.961208363    0.996230661
0    0.035177093    0.72828775    0.961208363    0.996230661
0    0.035177093    0.72828775    0.961208363    0.996230661
0    0.035177093    0.72828775    0.961208363    0.996230661
0    0.035177093    0.72828775    0.961208363    0.996230661
0    0.035177093    0.72828775    0.961208363    0.996230661
0    0.035177093    0.72828775    0.961208363    0.996230661
0    0.035177093    0.72828775    0.961208363    0.996230661
0    0.035177093    0.72828775    0.961208363    0.996230661
0    0.035177093    0.72828775    0.961208363    0.996230661
0    0.035177093    0.72828775    0.961208363    0.996230661
0    0.035177093    0.72828775    0.961208363    0.996230661
0    0.035177093    0.72828775    0.961208363    0.996230661
0    0.035177093    0.72828775    0.961208363    0.996230661
0    0.035177093    0.72828775    0.961208363    0.996230661
0    0.035177093    0.72828775    0.961208363    0.996230661
0    0.035177093    0.72828775    0.961208363    0.996230661
0    0.035177093    0.72828775    0.961208363    0.996230661
0    0.035177093    0.72828775    0.961208363    0.996230661
0    0.035177093    0.72828775    0.961208363    0.996230661
0    0.035177093    0.72828775    0.961208363    0.996230661
0    0.035177093    0.72828775    0.961208363    0.996230661
0    0.035177093    0.72828775    0.961208363    0.996230661
0    0.035177093    0.72828775    0.961208363    0.996230661
0    0.035177093    0.72828775    0.961208363    0.996230661
0    0.035177093    0.72828775    0.961208363    0.996230661
0    0.035177093    0.72828775    0.961208363    0.996230661
0    0.035177093    0.72828775    0.961208363    0.996230661
0    0.035177093    0.72828775    0.961208363    0.996230661
0    0.035177093    0.72828775    0.961208363    0.996230661
0    0.035177093    0.72828775    0.961208363    0.996230661
0    0.035177093    0.72828775    0.961208363    0.996230661
0    0.035177093    0.72828775    0.961208363    0.996230661
0    0.035177093    0.72828775    0.961208363    0.996230661
0    0.035177093    0.72828775    0.961208363    0.996230661
0    0.035177093    0.72828775    0.961208363    0.996230661
0    0.035177093    0.72828775    0.961208363    0.996230661
0    0.035177093    0.72828775    0.961208363    0.996230661
0    0.035177093    0.72828775    0.961208363    0.996230661
0    0.035177093    0.72828775    0.961208363    0.996230661
0    0.035177093    0.72828775    0.961208363    0.996230661
0    0.035177093    0.72828775    0.961208363    0.996230661
0    0.035177093    0.72828775    0.961208363    0.996230661
0    0.035177093    0.72828775    0.961208363    0.996230661
0    0.035177093    0.72828775    0.961208363    0.996230661
0    0.035177093    0.72828775    0.961208363    0.996230661
0    0.035177093    0.72828775    0.961208363    0.996230661
0    0.035177093    0.72828775    0.961208363    0.996230661
0    0.035177093    0.72828775    0.961208363    0.996230661
0    0.035177093    0.72828775    0.961208363    0.996230661
0    0.035177093    0.72828775    0.961208363    0.996230661
0    0.035177093    0.72828775    0.961208363    0.996230661
0    0.035177093    0.72828775    0.961208363    0.996230661
0    0.035177093    0.72828775    0.961208363    0.996230661
0    0.035177093    0.72828775    0.961208363    0.996230661
0    0.035177093    0.72828775    0.961208363    0.996230661
0    0.035177093    0.72828775    0.961208363    0.996230661
0    0.035177093    0.72828775    0.961208363    0.996230661
0    0.035177093    0.72828775    0.961208363    0.996230661
