0         0.037372296         0.765987777         0.971837599         0.995496585         #         1         1986
0         0.037372296         0.765987777         0.971837599         0.995496585         #         2         1986
0         0.037372296         0.765987777         0.971837599         0.995496585         #         1         1987
0         0.037372296         0.765987777         0.971837599         0.995496585         #         2         1987
0         0.037372296         0.765987777         0.971837599         0.995496585         #         1         1988
0         0.037372296         0.765987777         0.971837599         0.995496585         #         2         1988
0         0.037372296         0.765987777         0.971837599         0.995496585         #         1         1989
0         0.037372296         0.765987777         0.971837599         0.995496585         #         2         1989
0         0.037372296         0.765987777         0.971837599         0.995496585         #         1         1990
0         0.037372296         0.765987777         0.971837599         0.995496585         #         2         1990
0         0.037372296         0.765987777         0.971837599         0.995496585         #         1         1991
0         0.037372296         0.765987777         0.971837599         0.995496585         #         2         1991
0         0.037372296         0.765987777         0.971837599         0.995496585         #         1         1992
0         0.037372296         0.765987777         0.971837599         0.995496585         #         2         1992
0         0.037372296         0.765987777         0.971837599         0.995496585         #         1         1993
0         0.037372296         0.765987777         0.971837599         0.995496585         #         2         1993
0         0.037372296         0.765987777         0.971837599         0.995496585         #         1         1994
0         0.037372296         0.765987777         0.971837599         0.995496585         #         2         1994
0         0.037372296         0.765987777         0.971837599         0.995496585         #         1         1995
0         0.037372296         0.765987777         0.971837599         0.995496585         #         2         1995
0         0.037372296         0.765987777         0.971837599         0.995496585         #         1         1996
0         0.037372296         0.765987777         0.971837599         0.995496585         #         2         1996
0         0.037372296         0.765987777         0.971837599         0.995496585         #         1         1997
0         0.037372296         0.765987777         0.971837599         0.995496585         #         2         1997
0         0.037372296         0.765987777         0.971837599         0.995496585         #         1         1998
0         0.037372296         0.765987777         0.971837599         0.995496585         #         2         1998
0         0.037372296         0.765987777         0.971837599         0.995496585         #         1         1999
0         0.037372296         0.765987777         0.971837599         0.995496585         #         2         1999
0         0.037372296         0.765987777         0.971837599         0.995496585         #         1         2000
0         0.037372296         0.765987777         0.971837599         0.995496585         #         2         2000
0         0.037372296         0.765987777         0.971837599         0.995496585         #         1         2001
0         0.037372296         0.765987777         0.971837599         0.995496585         #         2         2001
0         0.037372296         0.765987777         0.971837599         0.995496585         #         1         2002
0         0.037372296         0.765987777         0.971837599         0.995496585         #         2         2002
0         0.037372296         0.765987777         0.971837599         0.995496585         #         1         2003
0         0.037372296         0.765987777         0.971837599         0.995496585         #         2         2003
0         0.037372296         0.765987777         0.971837599         0.995496585         #         1         2004
0         0.037372296         0.765987777         0.971837599         0.995496585         #         2         2004
0         0.037372296         0.765987777         0.971837599         0.995496585         #         1         2005
0         0.037372296         0.765987777         0.971837599         0.995496585         #         2         2005
0         0.037372296         0.765987777         0.971837599         0.995496585         #         1         2006
0         0.037372296         0.765987777         0.971837599         0.995496585         #         2         2006
0         0.037372296         0.765987777         0.971837599         0.995496585         #         1         2007
0         0.037372296         0.765987777         0.971837599         0.995496585         #         2         2007
0         0.037372296         0.765987777         0.971837599         0.995496585         #         1         2008
0         0.037372296         0.765987777         0.971837599         0.995496585         #         2         2008
0         0.037372296         0.765987777         0.971837599         0.995496585         #         1         2009
0         0.037372296         0.765987777         0.971837599         0.995496585         #         2         2009
0         0.037372296         0.765987777         0.971837599         0.995496585         #         1         2010
0         0.037372296         0.765987777         0.971837599         0.995496585         #         2         2010
0         0.037372296         0.765987777         0.971837599         0.995496585         #         1         2011
0         0.037372296         0.765987777         0.971837599         0.995496585         #         2         2011
0         0.037372296         0.765987777         0.971837599         0.995496585         #         1         2012
0         0.037372296         0.765987777         0.971837599         0.995496585         #         2         2012
0         0.037044249         0.648322795         0.971843484         0.995496585         #         1         2013
0         0.037044249         0.648322795         0.971843484         0.995496585         #         2         2013
0         0.030958071         0.70439291         0.988818273         0.998964727         #         1         2014
0         0.030958071         0.70439291         0.988818273         0.998964727         #         2         2014
0         0.02902334         0.783346195         0.994178551         0.999028732         #         1         2015
0         0.02902334         0.783346195         0.994178551         0.999028732         #         2         2015
0         0.028903037         0.775328715         0.993777181         0.999304505         #         1         2016
0         0.028903037         0.775328715         0.993777181         0.999304505         #         2         2016
0         0.022701276         0.727107506         0.985710656         0.999500399         #         1         2017
0         0.022701276         0.727107506         0.985710656         0.999500399         #         2         2017
0         0.015756883         0.696011389         0.97490255         0.99936665         #         1         2018
0         0.015756883         0.696011389         0.97490255         0.99936665         #         2         2018
0         0.024022727         0.71182835         0.947045817         0.998212771         #         1         2019
0         0.024022727         0.71182835         0.947045817         0.998212771         #         2         2019
0         0.026886034         0.65997125         0.925436309         0.995131961         #         1         2020
0         0.026886034         0.65997125         0.925436309         0.995131961         #         2         2020
0         0.046796949         0.677683853         0.927408229         0.99509338         #         1         2021
0         0.046796949         0.677683853         0.927408229         0.99509338         #         2         2021
0         0.045748208         0.684826788         0.927331063         0.995098353         #         1         2022
0         0.045748208         0.684826788         0.927331063         0.995098353         #         2         2022
0         0.045748208         0.684826788         0.927331063         0.995098353         #         1         2023
0         0.045748208         0.684826788         0.927331063         0.995098353         #         2         2023
