#Mat0	Mat1	Mat2	Mat3	Mat4	#	Year	season
0.000	0.036	0.766	1.000	1.000	#	1986	1
0.000	0.036	0.766	1.000	1.000	#	1986	3
0.000	0.036	0.766	1.000	1.000	#	1987	1
0.000	0.036	0.766	1.000	1.000	#	1987	3
0.000	0.036	0.766	1.000	1.000	#	1988	1
0.000	0.036	0.766	1.000	1.000	#	1988	3
0.000	0.036	0.766	1.000	1.000	#	1989	1
0.000	0.036	0.766	1.000	1.000	#	1989	3
0.000	0.036	0.766	1.000	1.000	#	1990	1
0.000	0.036	0.766	1.000	1.000	#	1990	3
0.000	0.036	0.766	1.000	1.000	#	1991	1
0.000	0.036	0.766	1.000	1.000	#	1991	3
0.000	0.036	0.766	1.000	1.000	#	1992	1
0.000	0.036	0.766	1.000	1.000	#	1992	3
0.000	0.036	0.766	1.000	1.000	#	1993	1
0.000	0.036	0.766	1.000	1.000	#	1993	3
0.000	0.036	0.766	1.000	1.000	#	1994	1
0.000	0.036	0.766	1.000	1.000	#	1994	3
0.000	0.036	0.766	1.000	1.000	#	1995	1
0.000	0.036	0.766	1.000	1.000	#	1995	3
0.000	0.036	0.766	1.000	1.000	#	1996	1
0.000	0.036	0.766	1.000	1.000	#	1996	3
0.000	0.036	0.766	1.000	1.000	#	1997	1
0.000	0.036	0.766	1.000	1.000	#	1997	3
0.000	0.036	0.766	1.000	1.000	#	1998	1
0.000	0.036	0.766	1.000	1.000	#	1998	3
0.000	0.036	0.766	1.000	1.000	#	1999	1
0.000	0.036	0.766	1.000	1.000	#	1999	3
0.000	0.036	0.766	1.000	1.000	#	2000	1
0.000	0.036	0.766	1.000	1.000	#	2000	3
0.000	0.036	0.766	1.000	1.000	#	2001	1
0.000	0.036	0.766	1.000	1.000	#	2001	3
0.000	0.036	0.766	1.000	1.000	#	2002	1
0.000	0.036	0.766	1.000	1.000	#	2002	3
0.000	0.036	0.766	1.000	1.000	#	2003	1
0.000	0.036	0.766	1.000	1.000	#	2003	3
0.000	0.036	0.766	1.000	1.000	#	2004	1
0.000	0.036	0.766	1.000	1.000	#	2004	3
0.000	0.036	0.766	1.000	1.000	#	2005	1
0.000	0.036	0.766	1.000	1.000	#	2005	3
0.000	0.036	0.766	1.000	1.000	#	2006	1
0.000	0.036	0.766	1.000	1.000	#	2006	3
0.000	0.036	0.766	1.000	1.000	#	2007	1
0.000	0.036	0.766	1.000	1.000	#	2007	3
0.000	0.036	0.766	1.000	1.000	#	2008	1
0.000	0.036	0.766	1.000	1.000	#	2008	3
0.000	0.036	0.766	1.000	1.000	#	2009	1
0.000	0.036	0.766	1.000	1.000	#	2009	3
0.000	0.036	0.766	1.000	1.000	#	2010	1
0.000	0.036	0.766	1.000	1.000	#	2010	3
0.000	0.036	0.766	1.000	1.000	#	2011	1
0.000	0.036	0.766	1.000	1.000	#	2011	3
0.000	0.036	0.766	1.000	1.000	#	2012	1
0.000	0.036	0.766	1.000	1.000	#	2012	3
0.000	0.036	0.766	1.000	1.000	#	2013	1
0.000	0.036	0.766	1.000	1.000	#	2013	3
0.000	0.036	0.766	1.000	1.000	#	2014	1
0.000	0.036	0.766	1.000	1.000	#	2014	3
0.000	0.036	0.766	1.000	1.000	#	2015	1
0.000	0.036	0.766	1.000	1.000	#	2015	3
0.000	0.036	0.766	1.000	1.000	#	2016	1
0.000	0.036	0.766	1.000	1.000	#	2016	3
0.000	0.036	0.766	1.000	1.000	#	2017	1
0.000	0.036	0.766	1.000	1.000	#	2017	3
0.000	0.036	0.766	1.000	1.000	#	2018	1
0.000	0.036	0.766	1.000	1.000	#	2018	3
0.000	0.036	0.766	1.000	1.000	#	2019	1
0.000	0.036	0.766	1.000	1.000	#	2019	3
0.000	0.036	0.766	1.000	1.000	#	2020	1
0.000	0.036	0.766	1.000	1.000	#	2020	3
0.000	0.036	0.766	1.000	1.000	#	2021	1
0.000	0.036	0.766	1.000	1.000	#	2021	3
0.000	0.036	0.766	1.000	1.000	#	2022	1
0.000	0.036	0.766	1.000	1.000	#	2022	3
0.000	0.036	0.766	1.000	1.000	#	2023	1
0.000	0.036	0.766	1.000	1.000	#	2023	3