0.0023703323	0.005639439	0.0130294165	0.0270462623	0.0163	#	1986	1
0.003029845	0.01316098	0.027670952	0.01412	0.01876	#	1986	2
0.0023703323	0.0056401592	0.0130244883	0.0270719915	0.0436760636	#	1987	1
0.0030282827	0.013226478	0.0270121851	0.0214	0.01985	#	1987	2
0.0023703323	0.0056397541	0.0130498655	0.0272000081	0.0407259157	#	1988	1
0.00303	0.01323	0.0272700126	0.0261735722	0.0390277106	#	1988	2
0.0016999868	0.0061971785	0.013995009	0.0162996299	0.01801	#	1989	1
0.004999805	0.0089991806	0.0158194145	0.017	0.01901	#	1989	2
0.0023703323	0.0056329263	0.0130434783	0.027160033	0.0440237434	#	1990	1
0.0030260974	0.0131411626	0.0271249318	0.0352097382	0.0427581533	#	1990	2
0.0023703323	0.0074350956	0.0143426391	0.0222910548	0.0306039833	#	1991	1
0.0034074876	0.0091836437	0.0147450131	0.0153826289	0.044	#	1991	2
0.0023703323	0.0055065561	0.0108948832	0.0184803761	0.0298490018	#	1992	1
0.0054685761	0.0097916799	0.0168497077	0.02004	0.02258	#	1992	2
0.0033219402	0.0055228673	0.0195834639	0.0205579385	0.0251338996	#	1993	1
0.0035206414	0.0094650367	0.0337595991	0.0433302243	0.0457433372	#	1993	2
0.0023669399	0.005631248	0.014002802	0.0184108117	0.021845323	#	1994	1
0.0036329567	0.0084029733	0.0259886691	0.0435352503	0.0312523716	#	1994	2
0.0023678557	0.005074366	0.0119338796	0.0226537218	0.0218474946	#	1995	1
0.0050680339	0.014079976	0.019928064	0.0278317502	0.0427821284	#	1995	2
0.0023701298	0.0075364225	0.0125851823	0.030226683	0.0434887673	#	1996	1
0.002992367	0.0057197955	0.02321158	0.0308930803	0.0444776033	#	1996	2
0.0036604905	0.0046578578	0.0099697616	0.0242770496	0.0432284353	#	1997	1
0.0018141473	0.0053245493	0.0185643955	0.0261889427	0.0256361872	#	1997	2
0.0035460069	0.0053121721	0.0090463279	0.0139080759	0.0292551408	#	1998	1
0.0026332573	0.0055331116	0.0154573477	0.0204032601	0.0326735134	#	1998	2
0.0043828291	0.0067676068	0.0091633967	0.0142718596	0.0342560958	#	1999	1
0.0030470924	0.0098622917	0.0160521652	0.0198435219	0.0340734314	#	1999	2
0.002350913	0.0070856174	0.0087021481	0.012219813	0.0251687438	#	2000	1
0.0035983291	0.0091732059	0.0198749497	0.0257876974	0.0316880602	#	2000	2
0.0033465731	0.0058075487	0.0140554908	0.0188927329	0.0306512456	#	2001	1
0.0033173136	0.0058675985	0.0225766908	0.0318514895	0.0455727655	#	2001	2
0.0023480955	0.0079470164	0.0113019896	0.017400952	0.0341679505	#	2002	1
0.0035983291	0.0091732059	0.0198749497	0.0257876974	0.0316880602	#	2002	2
0.0027854574	0.0045661409	0.0134994215	0.0205150301	0.0300055418	#	2003	1
0.0027958745	0.0047920562	0.0238377183	0.0246543862	0.0302954413	#	2003	2
0.003224122	0.005623125	0.0090599573	0.0150588224	0.0227236921	#	2004	1
0.003382362	0.0048650416	0.0101728187	0.0260017113	0.0162212014	#	2004	2
0.002345267	0.0069842274	0.0161599324	0.0212313582	0.0278032309	#	2005	1
0.0035983291	0.0091732059	0.0198749497	0.0257876974	0.0316880602	#	2005	2
0.002344818	0.0069420456	0.0135025227	0.0162339232	0.0350268782	#	2006	1
0.0035983291	0.0091732059	0.0198749497	0.0257876974	0.0316880602	#	2006	2
0.0012855035	0.0081896803	0.0197325351	0.0280588101	0.0417207356	#	2007	1
0.0035983291	0.0091732059	0.0198749497	0.0257876974	0.0316880602	#	2007	2
0.0015156609	0.0087415852	0.0177588358	0.0254628716	0.0331995414	#	2008	1
0.0035983291	0.0091732059	0.0198749497	0.0257876974	0.0316880602	#	2008	2
0.0023711984	0.0058717576	0.0081593815	0.0150830554	0.0177812226	#	2009	1
0.0035983291	0.0091732059	0.0198749497	0.0257876974	0.0316880602	#	2009	2
0.0023671127	0.0083681252	0.022165973	0.0233471058	0.0294475514	#	2010	1
0.0035983291	0.0091732059	0.0198749497	0.0257876974	0.0316880602	#	2010	2
0.0023494125	0.0091629905	0.0148701473	0.026011082	0.0343067968	#	2011	1
0.0035983291	0.0091732059	0.0198749497	0.0257876974	0.0316880602	#	2011	2
0.0023633734	0.007424969	0.0150302128	0.0264315123	0.0351589383	#	2012	1
0.0035983291	0.0091732059	0.0198749497	0.0257876974	0.0316880602	#	2012	2
0.002367562	0.0108965043	0.0146872094	0.0175137599	0.0286516099	#	2013	1
0.0035983291	0.0091732059	0.0198749497	0.0257876974	0.0316880602	#	2013	2
0.0036807073	0.0122417827	0.0159090872	0.0190986202	0.0362553604	#	2014	1
0.0035983291	0.0091732059	0.0198749497	0.0257876974	0.0316880602	#	2014	2
0.0023679811	0.0093506583	0.0177913823	0.0278889996	0.0394594758	#	2015	1
0.0035983291	0.0091732059	0.0198749497	0.0257876974	0.0316880602	#	2015	2
0.0018887893	0.0055013181	0.0129795486	0.0239047641	0.0383649024	#	2016	1
0.0035983291	0.0091732059	0.0198749497	0.0257876974	0.0316880602	#	2016	2
0.0023430085	0.0078099042	0.014522668	0.0213144697	0.0392833606	#	2017	1
0.0035983291	0.0091732059	0.0198749497	0.0257876974	0.0316880602	#	2017	2
0.0023618738	0.0046040875	0.009814055	0.0162784389	0.0268568862	#	2018	1
0.0035983291	0.0091732059	0.0198749497	0.0257876974	0.0316880602	#	2018	2
0.0034215133	0.0089474229	0.0115227498	0.0161868451	0.024438395	#	2019	1
0.0035983291	0.0091732059	0.0198749497	0.0257876974	0.0316880602	#	2019	2
0.0023526368	0.0090528759	0.0165264052	0.0233600143	0.0276176415	#	2020	1
0.0035983291	0.0091732059	0.0198749497	0.0257876974	0.0316880602	#	2020	2
0.0023144986	0.0076582401	0.0140993406	0.0193857216	0.0259672093	#	2021	1
0.0035983291	0.0091732059	0.0198749497	0.0257876974	0.0316880602	#	2021	2
0.0023144986	0.0076582401	0.0140993406	0.0193857216	0.0259672093	#	2022	1 # NSJ added one 2022 row here - same as 2021.
0.0035983291	0.0091732059	0.0198749497	0.0257876974	0.0316880602	#	2022	2
