789837.11591 1845985.8039 28970894.59 772468.96991 320070.11922 # 1 1983
10222593.152 263865.60083 3085028.6497 564012.72177 2198.8800069 # 2 1983
15374.839219 47117099.19 1701105.3726 10002463.415 333196.88328 # 1 1984
0 9241291.3696 89838.396334 566197.66598 42957.661129 # 2 1984
5249273.246 6221183.415 31386229.704 1988542.5806 211632.04172 # 1 1985
8555691.9948 1358592.2967 2313762.9356 1600788.6027 213534.02131 # 2 1985
0 44939660.168 7553290.8847 1652185.8147 30901.230948 # 1 1986
87141.052826 4162541.3627 227967.21855 187508.8726 14004.812061 # 2 1986
0 4504002.0314 23571737.591 1198720.8348 170802.19149 # 1 1987
186627.75062 1938298.2825 4173447.4167 122748.45343 31939.648597 # 2 1987
1207189.293 1996963.1333 8564242.9141 15229288.025 2354019.1214 # 1 1988
0 0 161558.17748 1438834.367 46948.530209 # 2 1988
40783.439062 62502729.851 6363622.8192 1345853.4891 4736504.2332 # 1 1989
467.87732297 757493.38589 77199.75829 16375.706304 57548.910725 # 2 1989
0 16849889.444 13919800.636 2059996.8907 622090.67029 # 1 1990
521855.68797 1256999.1278 416960.0723 62063.239273 18356.732743 # 2 1990
0 14938621.324 6869769.8222 983098.02312 338126.13826 # 1 1991
7343592.9063 6916858.3288 208518.03217 67283.4348 0 # 2 1991
1686.6400839 50883401.37 8450910.1402 845006.68202 523701.74604 # 1 1992
104412.6506 3041213.2485 297653.9741 122334.22496 26492.762093 # 2 1992
3700069.442 2316754.078 6359323.7636 1732146.632 524128.42412 # 1 1993
1625091.6165 371059.04126 239916.18061 144643.2706 41166.131318 # 2 1993
0 22719652.441 2978686.8041 1545154.8972 1103164.8589 # 1 1994
0 1694152.7663 119362.97646 65764.850076 101918.37257 # 2 1994
3070.7240779 38498512.222 6461290.3854 749687.91491 306523.21128 # 1 1995
21083.465862 3653799.6336 955237.22027 107861.8735 25532.48854 # 2 1995
8751920.1495 11404254.725 13641921.064 5156642.4589 965656.3523 # 1 1996
6808612.837 1061806.9245 1070629.6816 248584.24825 71709.936062 # 2 1996
0 40182410.744 2558336.0929 4269049.5419 1031950.6542 # 1 1997
476.08227814 9097197.4613 165696.25483 243411.41657 107324.93884 # 2 1997
8531.5855952 9699184.272 30835019.421 2448843.5624 1748501.4966 # 1 1998
948.1556183 501841.04717 1565991.6539 167000.94768 123583.33083 # 2 1998
312531.20958 42152534.466 5530601.1576 10580109.474 850596.16193 # 1 1999
558596.76081 1596704.9049 163710.51079 884043.33375 312543.96293 # 2 1999
17555276.696 34455585.418 3434663.1479 688251.19271 1188333.5233 # 1 2000
6290859.7503 3270061.9688 201710.68524 129131.99546 268632.48147 # 2 2000
5302495.4508 59492371.224 8276998.8114 1069195.5483 862584.48073 # 1 2001
63785284.601 3104976.4773 417893.57858 41255.799977 75188.910331 # 2 2001
704540.58054 82674669.428 10767887.852 1279310.4179 425412.05732 # 1 2002
10017.78054 593650.15326 111325.35785 26880.184279 52749.520639 # 2 2002
12785992.042 3738971.6847 13442911.716 1264663.5355 496211.03627 # 1 2003
2025335.5823 368037.51304 4213014.2696 154519.91709 48447.093405 # 2 2003
5134098.3505 30780462.236 814414.5561 2350473.4434 497583.98027 # 1 2004
655013.8813 2190682.1641 113918.31992 243703.08757 49206.070408 # 2 2004
1557851.3018 11137546.262 4007641.3167 258216.40388 424047.40542 # 1 2005
152980.26227 387357.38918 154289.41061 11620.375241 25608.27094 # 2 2005
2212233.2092 33506110.385 2527965.1049 792495.78907 158230.79415 # 1 2006
39596.385972 766945.38413 102927.60877 47098.243028 22008.032961 # 2 2006
171220.96349 10257307.709 4416239.6277 300539.59779 164321.62434 # 1 2007
4.8655855583 780.27304195 122.36052667 8.483971355 3.3441621723 # 2 2007
469215.68436 26720985.335 4168353.1335 1314993.3288 213511.30179 # 1 2008
7573.947606 267703.66325 79737.809535 47752.050004 7438.4052542 # 2 2008
3658984.2206 16911251.537 13219194.268 1532450.3875 340942.18946 # 1 2009
832070.83904 1923439.9421 387315.15917 39638.617152 2634.7882451 # 2 2009
140177.62431 42232162.002 2226232.8785 1033352.753 123046.53442 # 1 2010
28044.236423 1116386.8095 35371.484701 2521.469665 509.79809747 # 2 2010
229182.58349 1847910.324 31984155.034 1416671.2374 315339.76479 # 1 2011
8456.0193976 53218.612017 418023.22209 35146.463991 4097.2836738 # 2 2011
0 391854.99453 340188.72809 3173704.0112 107935.10783 # 1 2012
0.4608484871 204.49815797 106.11249873 403.04275764 25.231395081 # 2 2012
130155.67675 18403423.4 7515114.9323 2204528.9937 4362114.5777 # 1 2013
8477.0162652 790667.47573 184322.83305 78747.04756 53616.759045 # 2 2013
7022036.4223 8234884.4283 3097582.0355 365371.66955 362911.64518 # 1 2014
965471.99814 95239.750052 80464.004903 13937.671552 16493.413003 # 2 2014
206137.12231 26961596.414 1767250.559 553429.06624 169713.64284 # 1 2015
0.3903850195 161.60291187 20.485862155 6.3364426532 2.6387186913 # 2 2015
0 136488.92226 1245833.5299 98953.325018 15607.318012 # 1 2016
13.46072883 5.7596044334 14.684540931 2.0315024686 1.0323047825 # 2 2016
63695.93346 35135221.975 3164977.4302 4807645.8947 111963.3814 # 1 2017
2600.3904772 267836.72797 41450.998654 39890.552689 7171.6631789 # 2 2017
652923.35636 1844197.0485 15538221.302 1032003.0152 365424.84792 # 1 2018
92724.235347 163716.75024 823885.74956 43666.561333 11738.910254 # 2 2018
12111422.928 5707527.9674 857182.58221 1971604.9807 107456.62493 # 1 2019
6021324.5745 321215.69299 15793.62623 17058.859234 409.4564159 # 2 2019
938443.37133 12643998.728 1170174.0538 285393.32835 477762.34541 # 1 2020
46068.558439 89240.217681 12727.75117 2599.8393493 5120.6514383 # 2 2020
23129.773914 1141447.8901 991325.15044 52687.134342 33159.09198 # 1 2021
1550.9660956 48859.470726 28223.288166 1575.307439 1281.7701155 # 2 2021
#57494.448974 549587.04024 35101.247782 31351.638489 5386.9862919 # 1 2022
#98.467061722 180.42916637 13.302326227 2.4006117109 0.8095937456 # 2 2022
