6922.09	#	1983	1
7898.65	#	1984	1
8461.53	#	1985	1
6569.72	#	1986	1
4353.39	#	1987	1
7133.55	#	1988	1
8306.2	#	1989	1
7895.03	#	1990	1
4715	#	1991	1
8055.86	#	1992	1
3536.7	#	1993	1
2865.1	#	1994	1
5273.47	#	1995	1
4931.33	#	1996	1
4228.72	#	1997	1
6454.64	#	1998	1
7840.67	#	1999	1
6334.61	#	2000	1
8235.68	#	2001	1
8300.27	#	2002	1
6094.97	#	2003	1
6881.03	#	2004	1
3642.19	#	2005	1
4938.49	#	2006	1
1837.93	#	2007	1
3843.48	#	2008	1
4653.06	#	2009	1
3200.22	#	2010	1
4709.08	#	2011	1
695.94	#	2012	1
5004.61	#	2013	1
2356.76	#	2014	1
1884.36	#	2015	1
194.86	#	2016	1
3758.54	#	2017	1
3044.13	#	2018	1
2130.21	#	2019	1
3347.12	#	2020	1
404.55	#	2021	1
#128.19	#	2022	1
2060.03	#	1983	2
2256.01	#	1984	2
2425.14	#	1985	2
804.94	#	1986	2
1412.86	#	1987	2
804.84	#	1988	2
313.24	#	1989	2
517.06	#	1990	2
1414.7	#	1991	2
889.5	#	1992	2
397.9	#	1993	2
294.19	#	1994	2
597.6	#	1995	2
696.1	#	1996	2
1456.77	#	1997	2
621.95	#	1998	2
1030.23	#	1999	2
979.4	#	2000	2
3049.65	#	2001	2
232.67	#	2002	2
923.24	#	2003	2
473.62	#	2004	2
145.33	#	2005	2
224.43	#	2006	2
0	#	2007	2
116.42	#	2008	2
218.89	#	2009	2
147.7	#	2010	2
164.52	#	2011	2
0	#	2012	2
197.72	#	2013	2
104.64	#	2014	2
0	#	2015	2
0	#	2016	2
59.28	#	2017	2
307.42	#	2018	2
335.44	#	2019	2
42.55	#	2020	2
29.51	#	2021	2
#0	#	2022	2
