0.001	487857	51948	#	2004
0.001	1144607	21038	#	2005
0.001	598200	137932	#	2006
0.001	1446336	65096	#	2007
0.001	222662	99459	#	2008
0.001	1835242	44116	#	2009
0.001	228686	839162	#	2010
0.001	326972	198295	#	2011
0.001	670802	30066	#	2012
0.001	334157	65772	#	2013
0.001	1002766	23093	#	2014
0.001	138383	109737	#	2015
0.001	1486865	50409	#	2016
0.001	136661	286657	#	2017
0.001	481788	57618	#	2018
0.001	517394	81587	#	2019
0.001	220329	39439	#	2020
0.001	236918	55291	#	2021



## RTM 
1.00E-04        0.7300454        10.53585403        0.524541217        #        2011
1.00E-04        0.765553198      0.589693998        5.376821436        #        2012
1.00E-04        5.84883064       1.429713817        0.505338991        #        2013
1.00E-04        5.174055228      1.309283116        0.082233968        #        2014
1.00E-04        11.07622834      0.959116563        0.303134162        #        2015
1.00E-04        0.602975185      8.593712682        0.70267631         #        2016
1.00E-04        9.975872306      1.282827606        2.158625185        #        2017
1.00E-04        1.014908071      7.784467081        0.566983066        #        2018
1.00E-04        4.449572174      0.970115959        2.510440243        #        2019
1.00E-04        5.44656225       0.64845185         0.226800034        #        2020