0.001	459308	26274	#	2004
0.001	983292	16669	#	2005
0.001	480765	58999	#	2006
0.001	1359305	26459	#	2007
0.001	131151	47954	#	2008
0.001	1077213	33724	#	2009
0.001	187763	444645	#	2010
0.001	171854	98956	#	2011
0.001	434371	12985	#	2012
0.001	161991	30107	#	2013
0.001	939940	15210	#	2014
0.001	94381	57225	#	2015
0.001	838059	24206	#	2016
0.001	119123	162566	#	2017
0.001	471336	48563	#	2018
0.001	644524	74937	#	2019
0.001	222723	31876	#	2020
0.001	196739	33968	#	2021


1e-04	0.7327903978	10.570290811	0.5264454525	#	2011
1e-04	0.7732048117	0.5951226253	5.4251526544	#	2012
1e-04	5.8414738175	1.4280428327	0.5047975805	#	2013
1e-04	5.0635498587	1.2831528055	0.0806983144	#	2014
1e-04	11.014730009	0.9537687749	0.3014599292	#	2015
1e-04	0.6244248655	8.8997748756	0.7277099579	#	2016
1e-04	10.124933476	1.3015264514	2.1902143363	#	2017
1e-04	1.0270362559	7.8774890923	0.5737582809	#	2018
1e-04	4.6523631336	1.014165738	2.6243496335	#	2019
1e-04	5.6329145877	0.6706008696	0.2345659395	#	2020
