0	0.399998733	0.357344633	0.260637067	0.242733167	#	1983	1	1
0.498873667	0.4618264	0.378425033	0.325605267	0.336991733	#	1983	2	1
0	0.399998733	0.357344633	0.260637067	0.242733167	#	1984	1	1
0.498873667	0.4618264	0.378425033	0.325605267	0.336991733	#	1984	2	1
0	0.385486967	0.345338767	0.281070633	0.252993867	#	1985	1	1
0.518697	0.468366067	0.381837667	0.357938767	0.3374828	#	1985	2	1
0	0.375907533	0.341678567	0.269828633	0.249485233	#	1986	1	1
0.533597667	0.474733067	0.4085117	0.367989367	0.3525584	#	1986	2	1
0	0.387109367	0.3442089	0.268639733	0.251749133	#	1987	1	1
0.549835	0.489949333	0.422101067	0.371414633	0.358243733	#	1987	2	1
0	0.3955973	0.357064833	0.281561333	0.270299833	#	1988	1	1
0.552984667	0.4841949	0.417659467	0.357933033	0.3442901	#	1988	2	1
0	0.415362167	0.3767785	0.303127333	0.270895567	#	1989	1	1
0.531508333	0.459911233	0.391656967	0.356397433	0.333034833	#	1989	2	1
0	0.402814467	0.3411152	0.281610133	0.267060633	#	1990	1	1
0.543733	0.4714519	0.395162967	0.355166867	0.342949567	#	1990	2	1
0	0.393900067	0.3262258	0.229672567	0.227127633	#	1991	1	1
0.560321667	0.456530467	0.383520367	0.343524267	0.344178067	#	1991	2	1
0	0.397113067	0.3114538	0.217982867	0.220835067	#	1992	1	1
0.54871	0.434407133	0.371186067	0.327931733	0.3309862	#	1992	2	1
0	0.407077233	0.343292533	0.239633967	0.221472433	#	1993	1	1
0.530419333	0.404167467	0.3310014	0.317988433	0.3087051	#	1993	2	1
0	0.385805067	0.326801067	0.242722967	0.216977533	#	1994	1	1
0.530055667	0.44747	0.362471333	0.3291756	0.3153826	#	1994	2	1
0	0.379724467	0.337374233	0.246929333	0.217026233	#	1995	1	1
0.520660333	0.470153	0.3759426	0.338838267	0.324298967	#	1995	2	1
0	0.340002433	0.3038389	0.244346667	0.210962	#	1996	1	1
0.551806333	0.492199667	0.390863467	0.350643967	0.340940333	#	1996	2	1
0	0.372347733	0.3234724	0.270553867	0.223833167	#	1997	1	1
0.566904	0.507537	0.3889566	0.3491294	0.3410044	#	1997	2	1
0	0.416467667	0.3503597	0.305142967	0.236863133	#	1998	1	1
0.615337	0.545668333	0.391835333	0.3516659	0.3425467	#	1998	2	1
0	0.4558758	0.379092267	0.315477933	0.249463867	#	1999	1	1
0.620111333	0.565621667	0.4008621	0.350325433	0.340016567	#	1999	2	1
0	0.468768	0.3905401	0.3218113	0.242590567	#	2000	1	1
0.607600333	0.550624	0.3685969	0.3338344	0.3094478	#	2000	2	1
0	0.410098033	0.365630833	0.297473933	0.2266406	#	2001	1	1
0.614000333	0.528493333	0.3662589	0.326377867	0.297313567	#	2001	2	1
0	0.454071033	0.424302733	0.353927967	0.2723465	#	2002	1	1
0.670716	0.566155333	0.4563618	0.357305733	0.3294311	#	2002	2	1
0	0.4747437	0.4421804	0.3878141	0.319683467	#	2003	1	1
0.689721333	0.585443	0.471591	0.376651233	0.3679097	#	2003	2	1
0	0.543675333	0.472563333	0.4171281	0.3561683	#	2004	1	1
0.709307333	0.629256667	0.475640367	0.375378233	0.3680809	#	2004	2	1
0	0.542373	0.4259153	0.395096367	0.3179846	#	2005	1	1
0.695050333	0.553580667	0.396034867	0.370937067	0.3537774	#	2005	2	1
0	0.571235	0.440539967	0.346109867	0.288324567	#	2006	1	1
0.729486667	0.580485333	0.417351733	0.3647866	0.347656267	#	2006	2	1
0	0.549024667	0.405479967	0.3115901	0.269992433	#	2007	1	1
0.769142	0.566047667	0.432581733	0.396212467	0.376307567	#	2007	2	1
0	0.540950333	0.413514	0.299802333	0.2684764	#	2008	1	1
0.724758333	0.609679667	0.455941567	0.385052567	0.374986667	#	2008	2	1
0	0.460017833	0.346230167	0.282299567	0.250294667	#	2009	1	1
0.703825333	0.597122	0.452500367	0.406175367	0.382545467	#	2009	2	1
0	0.474968167	0.366221167	0.298745967	0.256251533	#	2010	1	1
0.714617333	0.667294	0.540120333	0.442679933	0.4188896	#	2010	2	1
0	0.527781833	0.366718867	0.321184833	0.272864133	#	2011	1	1
0.787114333	0.731234	0.544311333	0.472393	0.436781	#	2011	2	1
0	0.592821667	0.454150367	0.3677974	0.321454633	#	2012	1	1
0.787162333	0.709547667	0.5407872	0.455339333	0.433291333	#	2012	2	1
0	0.591348	0.495394367	0.369121467	0.323504333	#	2013	1	1
0.731543333	0.655205667	0.434593567	0.407090267	0.387702933	#	2013	2	1
0	0.521561	0.481101667	0.323947933	0.3019925	#	2014	1	1
0.722653667	0.604805333	0.3903509	0.3640717	0.356529367	#	2014	2	1
0	0.577673333	0.441838233	0.299186933	0.2758322	#	2015	1	1
0.718128333	0.622065667	0.391352833	0.379611	0.355677033	#	2015	2	1
0	0.525961033	0.3937189	0.2879779	0.267503667	#	2016	1	1
0.724565667	0.617448667	0.3960553	0.384415667	0.354187233	#	2016	2	1
0	0.534276367	0.424790567	0.307282333	0.285777533	#	2017	1	1
0.673184667	0.599898333	0.4538393	0.394498733	0.362940033	#	2017	2	1
0	0.4402916	0.4265027	0.327673733	0.292920467	#	2018	1	1
0.618633333	0.537607667	0.453732167	0.359734067	0.344567	#	2018	2	1
0	0.4402916	0.4265027	0.327673733	0.292920467	#	2019	1	1
0.618633333	0.537607667	0.453732167	0.359734067	0.344567	#	2019	2	1
0	0.4402916	0.4265027	0.327673733	0.292920467	#	2020	1	1
0.618633333	0.537607667	0.453732167	0.359734067	0.344567	#	2020	2	1
0	0.4402916	0.4265027	0.327673733	0.292920467	#	2021	1	1
0.618633333	0.537607667	0.453732167	0.359734067	0.344567	#	2021	2	1
0	0.4402916	0.4265027	0.327673733	0.292920467	#	2021	1	1
0.618633333	0.537607667	0.453732167	0.359734067	0.344567	#	2021	2	1
