#Mat0 Mat1 Mat2 Mat3 Mat4 # year season
0.000       0.021       0.801       0.988       1.000       #       1983       1
0.000       0.021       0.801       0.988       1.000       #       1983       2
0.000       0.021       0.801       0.988       1.000       #       1984       1
0.000       0.021       0.801       0.988       1.000       #       1984       2
0.000       0.021       0.801       0.988       1.000       #       1985       1
0.000       0.021       0.801       0.988       1.000       #       1985       2
0.000       0.021       0.801       0.988       1.000       #       1986       1
0.000       0.021       0.801       0.988       1.000       #       1986       2
0.000       0.021       0.801       0.988       1.000       #       1987       1
0.000       0.021       0.801       0.988       1.000       #       1987       2
0.000       0.021       0.801       0.988       1.000       #       1988       1
0.000       0.021       0.801       0.988       1.000       #       1988       2
0.000       0.021       0.801       0.988       1.000       #       1989       1
0.000       0.021       0.801       0.988       1.000       #       1989       2
0.000       0.021       0.801       0.988       1.000       #       1990       1
0.000       0.021       0.801       0.988       1.000       #       1990       2
0.000       0.021       0.801       0.988       1.000       #       1991       1
0.000       0.021       0.801       0.988       1.000       #       1991       2
0.000       0.021       0.801       0.988       1.000       #       1992       1
0.000       0.021       0.801       0.988       1.000       #       1992       2
0.000       0.021       0.801       0.988       1.000       #       1993       1
0.000       0.021       0.801       0.988       1.000       #       1993       2
0.000       0.021       0.801       0.988       1.000       #       1994       1
0.000       0.021       0.801       0.988       1.000       #       1994       2
0.000       0.021       0.801       0.988       1.000       #       1995       1
0.000       0.021       0.801       0.988       1.000       #       1995       2
0.000       0.021       0.801       0.988       1.000       #       1996       1
0.000       0.021       0.801       0.988       1.000       #       1996       2
0.000       0.021       0.801       0.988       1.000       #       1997       1
0.000       0.021       0.801       0.988       1.000       #       1997       2
0.000       0.021       0.801       0.988       1.000       #       1998       1
0.000       0.021       0.801       0.988       1.000       #       1998       2
0.000       0.021       0.801       0.988       1.000       #       1999       1
0.000       0.021       0.801       0.988       1.000       #       1999       2
0.000       0.021       0.801       0.988       1.000       #       2000       1
0.000       0.021       0.801       0.988       1.000       #       2000       2
0.000       0.021       0.801       0.988       1.000       #       2001       1
0.000       0.021       0.801       0.988       1.000       #       2001       2
0.000       0.021       0.801       0.988       1.000       #       2002       1
0.000       0.021       0.801       0.988       1.000       #       2002       2
0.000       0.021       0.801       0.988       1.000       #       2003       1
0.000       0.021       0.801       0.988       1.000       #       2003       2
0.000       0.021       0.801       0.988       1.000       #       2004       1
0.000       0.021       0.801       0.988       1.000       #       2004       2
0.000       0.021       0.801       0.988       1.000       #       2005       1
0.000       0.021       0.801       0.988       1.000       #       2005       2
0.000       0.021       0.801       0.988       1.000       #       2006       1
0.000       0.021       0.801       0.988       1.000       #       2006       2
0.000       0.021       0.801       0.988       1.000       #       2007       1
0.000       0.021       0.801       0.988       1.000       #       2007       2
0.000       0.021       0.801       0.988       1.000       #       2008       1
0.000       0.021       0.801       0.988       1.000       #       2008       2
0.000       0.021       0.801       0.988       1.000       #       2009       1
0.000       0.021       0.801       0.988       1.000       #       2009       2
0.000       0.021       0.801       0.988       1.000       #       2010       1
0.000       0.021       0.801       0.988       1.000       #       2010       2
0.000       0.021       0.801       0.988       1.000       #       2011       1
0.000       0.021       0.801       0.988       1.000       #       2011       2
0.000       0.021       0.801       0.988       1.000       #       2012       1
0.000       0.021       0.801       0.988       1.000       #       2012       2
0.000       0.021       0.801       0.988       1.000       #       2013       1
0.000       0.021       0.801       0.988       1.000       #       2013       2
0.000       0.021       0.801       0.988       1.000       #       2014       1
0.000       0.021       0.801       0.988       1.000       #       2014       2
0.000       0.021       0.801       0.988       1.000       #       2015       1
0.000       0.021       0.801       0.988       1.000       #       2015       2
0.000       0.021       0.801       0.988       1.000       #       2016       1
0.000       0.021       0.801       0.988       1.000       #       2016       2
0.000       0.021       0.801       0.988       1.000       #       2017       1
0.000       0.021       0.801       0.988       1.000       #       2017       2
0.000       0.021       0.801       0.988       1.000       #       2018       1
0.000       0.021       0.801       0.988       1.000       #       2018       2
0.000       0.021       0.801       0.988       1.000       #       2019       1
0.000       0.021       0.801       0.988       1.000       #       2019       2
0.000       0.021       0.801       0.988       1.000       #       2020       1
0.000       0.021       0.801       0.988       1.000       #       2020       2
0.000       0.021       0.801       0.988       1.000       #       2021       1
0.000       0.021       0.801       0.988       1.000       #       2021       2
0.000       0.021       0.801       0.988       1.000       #       2022       1
0.000       0.021       0.801       0.988       1.000       #       2022       2
0.000       0.021       0.801       0.988       1.000       #       2023       1
0.000       0.021       0.801       0.988       1.000       #       2023       2