0    0.042426915    0.628757389    0.923035309    0.963160194    #    1    1983
0    0.042426915    0.628757389    0.923035309    0.963160194    #    2    1983
0    0.042426915    0.628757389    0.923035309    0.963160194    #    1    1984
0    0.042426915    0.628757389    0.923035309    0.963160194    #    2    1984
0    0.042426915    0.628757389    0.923035309    0.963160194    #    1    1985
0    0.042426915    0.628757389    0.923035309    0.963160194    #    2    1985
0    0.042426915    0.628757389    0.923035309    0.963160194    #    1    1986
0    0.042426915    0.628757389    0.923035309    0.963160194    #    2    1986
0    0.042426915    0.628757389    0.923035309    0.963160194    #    1    1987
0    0.042426915    0.628757389    0.923035309    0.963160194    #    2    1987
0    0.042426915    0.628757389    0.923035309    0.963160194    #    1    1988
0    0.042426915    0.628757389    0.923035309    0.963160194    #    2    1988
0    0.042426915    0.628757389    0.923035309    0.963160194    #    1    1989
0    0.042426915    0.628757389    0.923035309    0.963160194    #    2    1989
0    0.042426915    0.628757389    0.923035309    0.963160194    #    1    1990
0    0.042426915    0.628757389    0.923035309    0.963160194    #    2    1990
0    0.042426915    0.628757389    0.923035309    0.963160194    #    1    1991
0    0.042426915    0.628757389    0.923035309    0.963160194    #    2    1991
0    0.042426915    0.628757389    0.923035309    0.963160194    #    1    1992
0    0.042426915    0.628757389    0.923035309    0.963160194    #    2    1992
0    0.042426915    0.628757389    0.923035309    0.963160194    #    1    1993
0    0.042426915    0.628757389    0.923035309    0.963160194    #    2    1993
0    0.042426915    0.628757389    0.923035309    0.963160194    #    1    1994
0    0.042426915    0.628757389    0.923035309    0.963160194    #    2    1994
0    0.042426915    0.628757389    0.923035309    0.963160194    #    1    1995
0    0.042426915    0.628757389    0.923035309    0.963160194    #    2    1995
0    0.042426915    0.628757389    0.923035309    0.963160194    #    1    1996
0    0.042426915    0.628757389    0.923035309    0.963160194    #    2    1996
0    0.042426915    0.628757389    0.923035309    0.963160194    #    1    1997
0    0.042426915    0.628757389    0.923035309    0.963160194    #    2    1997
0    0.042426915    0.628757389    0.923035309    0.963160194    #    1    1998
0    0.042426915    0.628757389    0.923035309    0.963160194    #    2    1998
0    0.042426915    0.628757389    0.923035309    0.963160194    #    1    1999
0    0.042426915    0.628757389    0.923035309    0.963160194    #    2    1999
0    0.042426915    0.628757389    0.923035309    0.963160194    #    1    2000
0    0.042426915    0.628757389    0.923035309    0.963160194    #    2    2000
0    0.042426915    0.628757389    0.923035309    0.963160194    #    1    2001
0    0.042426915    0.628757389    0.923035309    0.963160194    #    2    2001
0    0.042426915    0.628757389    0.923035309    0.963160194    #    1    2002
0    0.042426915    0.628757389    0.923035309    0.963160194    #    2    2002
0    0.042426915    0.628757389    0.923035309    0.963160194    #    1    2003
0    0.042426915    0.628757389    0.923035309    0.963160194    #    2    2003
0    0.042426915    0.628757389    0.923035309    0.963160194    #    1    2004
0    0.042426915    0.628757389    0.923035309    0.963160194    #    2    2004
0 0.042426915 0.628757389 0.923035309 0.963160194 # 1 2005
0 0.042426915 0.628757389 0.923035309 0.963160194 # 2 2005
0 0.042426915 0.628757389 0.923035309 0.963160194 # 1 2006
0 0.042426915 0.628757389 0.923035309 0.963160194 # 2 2006
0 0.042426915 0.628757389 0.923035309 0.963160194 # 1 2007
0 0.042426915 0.628757389 0.923035309 0.963160194 # 2 2007
0 0.042426915 0.628757389 0.923035309 0.963160194 # 1 2008
0 0.042426915 0.628757389 0.923035309 0.963160194 # 2 2008
0 0.042426915 0.628757389 0.923035309 0.963160194 # 1 2009
0 0.042426915 0.628757389 0.923035309 0.963160194 # 2 2009
0 0.042426915 0.628757389 0.923035309 0.963160194 # 1 2010
0 0.042426915 0.628757389 0.923035309 0.963160194 # 2 2010
0 0.026667012 0.571587793 0.904397617 0.961209368 # 1 2011
0 0.026667012 0.571587793 0.904397617 0.961209368 # 2 2011
0 0.037665404 0.579666753 0.88965441 0.9789845 # 1 2012
0 0.037665404 0.579666753 0.88965441 0.9789845 # 2 2012
0 0.029163628 0.543304233 0.87541869 0.974303304 # 1 2013
0 0.029163628 0.543304233 0.87541869 0.974303304 # 2 2013
0 0.029832961 0.501601595 0.873697099 0.974040896 # 1 2014
0 0.029832961 0.501601595 0.873697099 0.974040896 # 2 2014
0 0.03209805 0.481618059 0.864319129 0.963740692 # 1 2015
0 0.03209805 0.481618059 0.864319129 0.963740692 # 2 2015
0 0.038352873 0.574568075 0.907418154 0.971362257 # 1 2016
0 0.038352873 0.574568075 0.907418154 0.971362257 # 2 2016
0 0.037097963 0.576821112 0.909751788 0.974764164 # 1 2017
0 0.037097963 0.576821112 0.909751788 0.974764164 # 2 2017
0 0.026742087 0.51320924 0.910973581 0.981351328 # 1 2018
0 0.026742087 0.51320924 0.910973581 0.981351328 # 2 2018
0 0.035106617 0.544740817 0.906176731 0.982190178 # 1 2019
0 0.035106617 0.544740817 0.906176731 0.982190178 # 2 2019
0 0.036139745 0.492217082 0.867715941 0.943178604 # 1 2020
0 0.036139745 0.492217082 0.867715941 0.943178604 # 2 2020
0 0.031055945 0.519814332 0.865230517 0.951852958 # 1 2021
0 0.031055945 0.519814332 0.865230517 0.951852958 # 2 2021
0 0.026959707 0.44902656 0.83514003 0.932383619 # 1 2022
0 0.026959707 0.44902656 0.83514003 0.932383619 # 2 2022
0 0.026959707 0.44902656 0.83514003 0.932383619 # 1 2023
0 0.026959707 0.44902656 0.83514003 0.932383619 # 2 2023

