0    0.035913165    0.550784008    0.888531165    0.955635357
0    0.035913165    0.550784008    0.888531165    0.955635357
0    0.035913165    0.550784008    0.888531165    0.955635357
0    0.035913165    0.550784008    0.888531165    0.955635357
0    0.035913165    0.550784008    0.888531165    0.955635357
0    0.035913165    0.550784008    0.888531165    0.955635357
0    0.035913165    0.550784008    0.888531165    0.955635357
0    0.035913165    0.550784008    0.888531165    0.955635357
0    0.035913165    0.550784008    0.888531165    0.955635357
0    0.035913165    0.550784008    0.888531165    0.955635357
0    0.035913165    0.550784008    0.888531165    0.955635357
0    0.035913165    0.550784008    0.888531165    0.955635357
0    0.035913165    0.550784008    0.888531165    0.955635357
0    0.035913165    0.550784008    0.888531165    0.955635357
0    0.035913165    0.550784008    0.888531165    0.955635357
0    0.035913165    0.550784008    0.888531165    0.955635357
0    0.035913165    0.550784008    0.888531165    0.955635357
0    0.035913165    0.550784008    0.888531165    0.955635357
0    0.035913165    0.550784008    0.888531165    0.955635357
0    0.035913165    0.550784008    0.888531165    0.955635357
0    0.035913165    0.550784008    0.888531165    0.955635357
0    0.035913165    0.550784008    0.888531165    0.955635357
0    0.035913165    0.550784008    0.888531165    0.955635357
0    0.035913165    0.550784008    0.888531165    0.955635357
0    0.035913165    0.550784008    0.888531165    0.955635357
0    0.035913165    0.550784008    0.888531165    0.955635357
0    0.035913165    0.550784008    0.888531165    0.955635357
0    0.035913165    0.550784008    0.888531165    0.955635357
0    0.035913165    0.550784008    0.888531165    0.955635357
0    0.035913165    0.550784008    0.888531165    0.955635357
0    0.035913165    0.550784008    0.888531165    0.955635357
0    0.035913165    0.550784008    0.888531165    0.955635357
0    0.035913165    0.550784008    0.888531165    0.955635357
0    0.035913165    0.550784008    0.888531165    0.955635357
0    0.035913165    0.550784008    0.888531165    0.955635357
0    0.035913165    0.550784008    0.888531165    0.955635357
0    0.035913165    0.550784008    0.888531165    0.955635357
0    0.035913165    0.550784008    0.888531165    0.955635357
0    0.035913165    0.550784008    0.888531165    0.955635357
0    0.035913165    0.550784008    0.888531165    0.955635357
0    0.035913165    0.550784008    0.888531165    0.955635357
0    0.035913165    0.550784008    0.888531165    0.955635357
0    0.035913165    0.550784008    0.888531165    0.955635357
0    0.035913165    0.550784008    0.888531165    0.955635357
0    0.035913165    0.550784008    0.888531165    0.955635357
0    0.035913165    0.550784008    0.888531165    0.955635357
0    0.035913165    0.550784008    0.888531165    0.955635357
0    0.035913165    0.550784008    0.888531165    0.955635357
0    0.035913165    0.550784008    0.888531165    0.955635357
0    0.035913165    0.550784008    0.888531165    0.955635357
0    0.035913165    0.550784008    0.888531165    0.955635357
0    0.035913165    0.550784008    0.888531165    0.955635357
0    0.035913165    0.550784008    0.888531165    0.955635357
0    0.035913165    0.550784008    0.888531165    0.955635357
0    0.035913165    0.550784008    0.888531165    0.955635357
0    0.035913165    0.550784008    0.888531165    0.955635357
0    0.035913165    0.550784008    0.888531165    0.955635357
0    0.035913165    0.550784008    0.888531165    0.955635357
0    0.035913165    0.550784008    0.888531165    0.955635357
0    0.035913165    0.550784008    0.888531165    0.955635357
0    0.035913165    0.550784008    0.888531165    0.955635357
0    0.035913165    0.550784008    0.888531165    0.955635357
0    0.035913165    0.550784008    0.888531165    0.955635357
0    0.035913165    0.550784008    0.888531165    0.955635357
0    0.035913165    0.550784008    0.888531165    0.955635357
0    0.035913165    0.550784008    0.888531165    0.955635357
0    0.035913165    0.550784008    0.888531165    0.955635357
0    0.035913165    0.550784008    0.888531165    0.955635357
0    0.035913165    0.550784008    0.888531165    0.955635357
0    0.035913165    0.550784008    0.888531165    0.955635357
0    0.035913165    0.550784008    0.888531165    0.955635357
0    0.035913165    0.550784008    0.888531165    0.955635357
0    0.035913165    0.550784008    0.888531165    0.955635357
0    0.035913165    0.550784008    0.888531165    0.955635357
0    0.035913165    0.550784008    0.888531165    0.955635357
0    0.035913165    0.550784008    0.888531165    0.955635357
0    0.035913165    0.550784008    0.888531165    0.955635357
0    0.035913165    0.550784008    0.888531165    0.955635357
0    0.035913165    0.550784008    0.888531165    0.955635357
0    0.035913165    0.550784008    0.888531165    0.955635357
0    0.035913165    0.550784008    0.888531165    0.955635357
0    0.035913165    0.550784008    0.888531165    0.955635357
