1.00E-04    10.14149366    0.788504577    0.08778807    #    2001
1.00E-04    10.1573456    1.489613462    0.162441621    #    2002
1.00E-04    0.498615441    2.64036096    0.11641875    #    2003
1.00E-04    6.719458949    0.05315589    0.119105362    #    2004
1.00E-04    3.34503874    0.769301956    0.04360765    #    2005
1.00E-04    8.437924041    0.274203901    0.067119422    #    2006
1.00E-04    7.57855907    1.905271154    0.100256623    #    2007
1.00E-04    11.04860046    1.561092617    0.362408031    #    2008
1.00E-04    2.699365795    3.012043881    0.371990107    #    2009
1.00E-04    16.67188539    0.472935827    0.628987785    #    2010
1.00E-04    0.7300454    10.53585403    0.524541217    #    2011
1.00E-04    0.765553198    0.589693998    5.376821436    #    2012
1.00E-04    5.84883064    1.429713817    0.505338991    #    2013
1.00E-04    5.174055228    1.309283116    0.082233968    #    2014
1.00E-04    11.07622834    0.959116563    0.303134162    #    2015
1.00E-04    0.602975185    8.593712682    0.70267631    #    2016
1.00E-04    9.975872306    1.282827606    2.158625185    #    2017
1.00E-04    1.014908071    7.784467081    0.566983066    #    2018
1.00E-04    4.449572174    0.970115959    2.510440243    #    2019
1.00E-04    5.44656225    0.64845185    0.226800034    #    2020
