0.0021791872	0.00551	0.00996	0.01374	0.0169	#	1983	1
0.00242	0.0075	0.01075	0.01412	0.01771	#	1983	2
0.0021791872	0.00551	0.00996	0.01374	0.01695	#	1984	1
0.0030466352	0.0075	0.01075	0.01412	0.01771	#	1984	2
0.0021791872	0.00551	0.00996	0.01374	0.01651	#	1985	1
0.00242	0.0075	0.01075	0.01412	0.01866	#	1985	2
0.0021791872	0.00551	0.00996	0.01374	0.0163	#	1986	1
0.00242	0.0075	0.01075	0.01412	0.01876	#	1986	2
0.0021791872	0.0058	0.011	0.0156	0.01804	#	1987	1
0.0030466352	0.0089	0.0108	0.0214	0.01985	#	1987	2
0.0021791872	0.004	0.0125	0.0155	0.01873	#	1988	1
0.0030466352	0.0064638612	0.014	0.017	0.01911	#	1988	2
0.0021791872	0.004	0.0125	0.0155	0.01801	#	1989	1
0.0030466352	0.0105	0.014	0.017	0.01901	#	1989	2
0.0021791872	0.004	0.0125	0.0155	0.01928	#	1990	1
0.0030466352	0.0105	0.014	0.017	0.02005	#	1990	2
0.0021791872	0.0082	0.0164	0.0169	0.0172	#	1991	1
0.0026	0.0075	0.0136	0.012	0.0187027261	#	1991	2
0.002	0.00743	0.01383	0.01751	0.0226	#	1992	1
0.0034	0.00943	0.01661	0.02004	0.02258	#	1992	2
0.0021803981	0.0074180914	0.0107546889	0.0149997012	0.020538828	#	1993	1
0.0040694684	0.0066753369	0.0117559284	0.0152819739	0.0208204918	#	1993	2
0.0019959322	0.0051086524	0.008333088	0.0135046363	0.0145358324	#	1994	1
0.0030466352	0.0064638612	0.0110396814	0.0154155523	0.0187027261	#	1994	2
0.0021779034	0.0070852305	0.012227649	0.0145726419	0.022469334	#	1995	1
0.0030291875	0.0063259655	0.0100074023	0.0154892898	0.0266780673	#	1995	2
0.0026738087	0.0050172973	0.0075858574	0.0108327132	0.0173564692	#	1996	1
0.0016883922	0.0053415035	0.0108631661	0.0137074519	0.0217121734	#	1996	2
0.0021786091	0.0068446422	0.0071009749	0.0089596349	0.0134422143	#	1997	1
0.0029425419	0.0078787852	0.0132087987	0.0156189663	0.017169709	#	1997	2
0.0021441971	0.0058391824	0.0080264816	0.0101718422	0.0142286652	#	1998	1
0.0032681289	0.0047039328	0.0094009208	0.01123803	0.0170105243	#	1998	2
0.0021762399	0.0051351233	0.0081765572	0.0113474901	0.0152661419	#	1999	1
0.0042273635	0.0055275241	0.0105089496	0.0133919873	0.0161821974	#	1999	2
0.002468349	0.0065812153	0.0099787188	0.0142198908	0.0164456272	#	2000	1
0.0029364675	0.0044271275	0.0097215983	0.0162463087	0.0174955985	#	2000	2
0.0041036953	0.0041021082	0.0084644789	0.0126032735	0.0211736344	#	2001	1
0.0023655391	0.0046306277	0.0083213121	0.0157618431	0.0276661998	#	2001	2
0.0036003369	0.0060065344	0.0078594973	0.0106216973	0.0168903067	#	2002	1
0.0030466352	0.0064638612	0.0110396814	0.0154155523	0.0187027261	#	2002	2
0.0021302294	0.0034400126	0.006949299	0.012286516	0.01265488	#	2003	1
0.0013929079	0.0014797747	0.0043045395	0.011681841	0.0053318516	#	2003	2
0.0026874723	0.0048668386	0.0078867285	0.0096919781	0.0119134951	#	2004	1
0.0026924025	0.0046978492	0.0083256933	0.0092380751	0.0127562665	#	2004	2
0.0026527908	0.0064792463	0.0092195924	0.0112188529	0.0133099761	#	2005	1
0.0030466352	0.0064638612	0.0110396814	0.0154155523	0.0187027261	#	2005	2
0.0022383246	0.0058756126	0.0106829855	0.0128173484	0.0146096883	#	2006	1
0.0030466352	0.0064638612	0.0110396814	0.0154155523	0.0187027261	#	2006	2
0.0027024203	0.0054977961	0.0105858186	0.015885864	0.0162486915	#	2007	1
0.0030466352	0.0064638612	0.0110396814	0.0154155523	0.0187027261	#	2007	2
0.0025861048	0.0061202813	0.0114056698	0.0136721831	0.0160991375	#	2008	1
0.0030466352	0.0064638612	0.0110396814	0.0154155523	0.0187027261	#	2008	2
0.0028886582	0.0058465512	0.0117935589	0.0171022223	0.0185370369	#	2009	1
0.0030466352	0.0064638612	0.0110396814	0.0154155523	0.0187027261	#	2009	2
0.0021807893	0.0058730338	0.0127861204	0.0149933267	0.019723266	#	2010	1
0.0030466352	0.0064638612	0.0110396814	0.0154155523	0.0187027261	#	2010	2
0.0031371849	0.0055278007	0.0088030063	0.0133655786	0.0172610884	#	2011	1
0.0030466352	0.0064638612	0.0110396814	0.0154155523	0.0187027261	#	2011	2
0.0021781259	0.0066652411	0.0098351202	0.0120780832	0.0158387147	#	2012	1
0.0030466352	0.0064638612	0.0110396814	0.0154155523	0.0187027261	#	2012	2
0.001651175	0.0043661101	0.0066254688	0.0111936573	0.0122777469	#	2013	1
0.0030466352	0.0064638612	0.0110396814	0.0154155523	0.0187027261	#	2013	2
0.0029412067	0.0044845194	0.0083915681	0.0128002124	0.018544071	#	2014	1
0.0030466352	0.0064638612	0.0110396814	0.0154155523	0.0187027261	#	2014	2
0.002191353	0.005186917	0.0084619965	0.010292534	0.0142356881	#	2015	1
0.0030466352	0.0064638612	0.0110396814	0.0154155523	0.0187027261	#	2015	2
0.0021792163	0.004345105	0.0106692638	0.0131684894	0.0143718039	#	2016	1
0.0030466352	0.0064638612	0.0110396814	0.0154155523	0.0187027261	#	2016	2
0.0023171819	0.0048445277	0.0071060517	0.0096408735	0.0110226811	#	2017	1
0.0030518456	0.0054065067	0.0086864297	0.0108389496	0.0114435792	#	2017	2
0.0021809551	0.0037761421	0.0066267401	0.0097296517	0.0118704645	#	2018	1
0.0030466352	0.0064638612	0.0110396814	0.0154155523	0.0187027261	#	2018	2
0.0018980894	0.0039916441	0.0079730268	0.0089972548	0.011037599	#	2019	1
0.0022347119	0.0034981884	0.0114456127	0.0180452563	0.0186478855	#	2019	2
0.0021406312	0.0066357439	0.0096496782	0.0130785057	0.0145886768	#	2020	1
0.0030466352	0.0064638612	0.0110396814	0.0154155523	0.0187027261	#	2020	2
0.0021842208	0.0053065794	0.0095565983	0.0115001713	0.0130789386	#	2021	1
0.0030466352	0.0064638612	0.0110396814	0.0154155523	0.0187027261	#	2021	2
0.00214421568	0.00491092744	0.00818241902	0.0105892914	0.012319672	#	5	1
0.00288529262	0.00565925574	0.01065021732	0.01502617256	0.0172399286	#	5	1
