# file fleet_catch.in
#  Dre , Dredge survey 2004-2021 
0.001 -9 -9
0.001 68667.98779 -9
0.001 55709.23861 1225.933759
0.001 10611.08512 3717.149343
0.001 16658.09471 1521.15969
0.001 37088.95099 16328.03931
0.001 1844.740235 5076.7493
0.001 973.1113761 1961.856396
0.001 47713.26552 767.514347
0.001 174467.7333 790.8869278
0.001 92703.23789 5349.151558
0.001 2667.396548 11100.79365
0.001 194644.9411 322.9671311
#  Aco , Acoustic survey 
0.1 7709059 4923332 945294 64034
0.1 16852057 6133597 1123186 608574
0.1 816160 8622197 855812 192373
0.1 846678 211313 3226290 368161
0.1 2154468 258250 72615 554478
0.1 21889619 1711096 170414 80340
0.1 9466601 2254918 686546 7025
0.1 79554 6317384 679130 259099
