

# year: 1986

0.00     0.76     0.60     0.42     0.36
1.34     0.60     0.47     0.37     0.35

# year: 1987

0.00     0.75     0.60     0.42     0.36
1.43     0.57     0.44     0.35     0.34

# year: 1988

0.00     0.71     0.57     0.39     0.35
1.54     0.58     0.43     0.35     0.34

# year: 1989

0.00     0.68     0.55     0.39     0.36
1.33     0.49     0.36     0.33     0.32

# year: 1990

0.00     0.63     0.49     0.34     0.31
1.28     0.48     0.35     0.30     0.29

# year: 1991

0.00     0.63     0.49     0.33     0.30
1.22     0.47     0.35     0.29     0.28

# year: 1992

0.00     0.65     0.49     0.33     0.30
1.19     0.52     0.39     0.29     0.29

# year: 1993

0.00     0.67     0.51     0.35     0.33
1.14     0.52     0.40     0.32     0.31

# year: 1994

0.00     0.69     0.53     0.36     0.34
1.11     0.58     0.46     0.34     0.32

# year: 1995

0.00     0.71     0.56     0.41     0.38
1.01     0.55     0.45     0.35     0.34

# year: 1996

0.00     0.66     0.53     0.39     0.36
0.99     0.57     0.47     0.36     0.35

# year: 1997

0.00     0.64     0.52     0.40     0.38
0.90     0.53     0.43     0.38     0.36

# year: 1998

0.00     0.63     0.49     0.38     0.35
0.97     0.51     0.41     0.36     0.33

# year: 1999

0.00     0.73     0.54     0.36     0.33
1.04     0.58     0.47     0.33     0.30

# year: 2000

0.00     0.80     0.61     0.42     0.39
1.12     0.65     0.55     0.39     0.37

# year: 2001

0.00     0.82     0.66     0.49     0.45
1.19     0.78     0.67     0.51     0.49

# year: 2002

0.00     0.84     0.72     0.58     0.54
1.22     0.80     0.67     0.63     0.61

# year: 2003

0.00     0.83     0.72     0.58     0.54
1.22     0.77     0.64     0.62     0.60

# year: 2004

0.00     0.85     0.71     0.56     0.51
1.21     0.70     0.57     0.55     0.53

# year: 2005

0.00     0.84     0.69     0.50     0.47
1.15     0.65     0.53     0.47     0.45

# year: 2006

0.00     0.82     0.66     0.48     0.44
1.12     0.61     0.49     0.42     0.41

# year: 2007

0.00     0.77     0.61     0.45     0.42
1.05     0.58     0.47     0.40     0.39

# year: 2008

0.00     0.68     0.55     0.43     0.40
0.99     0.50     0.40     0.38     0.37

# year: 2009

0.00     0.59     0.48     0.37     0.34
0.99     0.47     0.39     0.34     0.33

# year: 2010

0.00     0.59     0.45     0.36     0.33
1.11     0.50     0.42     0.37     0.35

# year: 2011

0.00     0.66     0.51     0.39     0.35
1.21     0.55     0.46     0.42     0.39

# year: 2012

0.00     0.70     0.55     0.42     0.39
1.19     0.54     0.45     0.44     0.42

# year: 2013

0.00     0.70     0.55     0.42     0.39
1.19     0.54     0.45     0.44     0.42

# year: 2014

0.00     0.70     0.55     0.42     0.39
1.19     0.54     0.45     0.44     0.42

# year: 2015

0.00     0.70     0.55     0.42     0.39
1.19     0.54     0.45     0.44     0.42

# year: 2016

0.00     0.70     0.55     0.42     0.39
1.19     0.54     0.45     0.44     0.42

# year: 2017

0.00     0.70     0.55     0.42     0.39
1.19     0.54     0.45     0.44     0.42

# year: 2018

0.00     0.70     0.55     0.42     0.39
1.19     0.54     0.45     0.44     0.42

# year: 2019

0.00     0.70     0.55     0.42     0.39
1.19     0.54     0.45     0.44     0.42

# year: 2020

0.00     0.70     0.55     0.42     0.39
1.19     0.54     0.45     0.44     0.42

# year: 2021

0.00     0.70     0.55     0.42     0.39
1.19     0.54     0.45     0.44     0.42

# year: 2022

0.00     0.70     0.55     0.42     0.39
1.19     0.54     0.45     0.44     0.42

# year: 2023

0.00     0.70     0.55     0.42     0.39
1.19     0.54     0.45     0.44     0.42