0.002461362     0.006121923     0.009727203     0.012435367     0.015911898     #     1986     1
0.004018494     0.012650142     0.021049841     0.018855973     0.020371973     #     1986     2
0.003578215     0.006428979     0.011663793     0.020476579     0.022477656     #     1987     1
0.006900417     0.012768088     0.020388849     0.031578212     0.029615768     #     1987     2
0.004001952     0.005113726     0.013087381     0.023017764     0.036168525     #     1988     1
0.004088722     0.006428276     0.016082732     0.022487493     0.031460805     #     1988     2
0.004698483     0.006130118     0.010466828     0.014323447     0.018779655     #     1989     1
0.004783459     0.009303161     0.012729741     0.014022417     0.017521521     #     1989     2
0.004095735     0.007452681     0.009832973     0.015172952     0.020178469     #     1990     1
0.004383718     0.007689357     0.011204968     0.016548885     0.019768357     #     1990     2
0.004191281     0.007325181     0.011445185     0.036380653     0.026328817     #     1991     1
0.003670535     0.005676829     0.01375619      0.02750232      0.016326541     #     1991     2
0.002449398     0.006106198     0.010310595     0.014683103     0.023028649     #     1992     1
0.004638201     0.013437565     0.026720877     0.028742028     0.030931432     #     1992     2
0.002972907     0.005776255     0.016384676     0.017892798     0.023296234     #     1993     1
0.003473675     0.007337117     0.016719417     0.020814316     0.022396577     #     1993     2
0.003458254     0.006078077     0.014570117     0.020635955     0.021121844     #     1994     1
0.003552054     0.012976181     0.020840081     0.035186221     0.027130733     #     1994     2
0.004462364     0.005563016     0.009742843     0.013814509     0.016479865     #     1995     1
0.00471425      0.008192982     0.010216486     0.013650934     0.016115461     #     1995     2
0.002673232     0.008793508     0.013305365     0.026050943     0.038478272     #     1996     1
0.00248953      0.00804549      0.014003796     0.015747342     0.023997036     #     1996     2
0.004068639     0.005226648     0.010111036     0.013735145     0.018261863     #     1997     1
0.002918995     0.006694388     0.010216231     0.014241838     0.014435169     #     1997     2
0.005488469     0.004959109     0.010069512     0.013680516     0.020276406     #     1998     1
0.003189956     0.007034636     0.015174941     0.017323948     0.020725819     #     1998     2
0.005471158     0.007350283     0.010066455     0.014136334     0.026348033     #     1999     1
0.008664345     0.014533408     0.019447233     0.021058465     0.030749006     #     1999     2
0.004845387     0.006866518     0.010522766     0.015270397     0.02045067      #     2000     1
0.005189876     0.01084534      0.017374286     0.023736973     0.025645402     #     2000     2
0.002192667     0.006815823     0.013656821     0.017821465     0.023233524     #     2001     1
0.005552576     0.008937641     0.015963538     0.015885495     0.025459051     #     2001     2
0.002877422     0.008087547     0.012717803     0.014625415     0.019227715     #     2002     1
0.009440915     0.019728782     0.0316056       0.043179979     0.046651605     #     2002     2
0.002823495     0.005304547     0.014608957     0.020272747     0.026884916     #     2003     1
0.00433872      0.005444791     0.015290395     0.024122981     0.026697682     #     2003     2
0.005799917     0.007275036     0.009506058     0.014501175     0.015052868     #     2004     1
0.005786295     0.007289728     0.014070166     0.018414915     0.012690908     #     2004     2
0.003658503     0.007757011     0.016510047     0.019863021     0.022565152     #     2005     1
0.003352377     0.007005499     0.011222842     0.015332791     0.016565531     #     2005     2
0.003714292     0.007497817     0.013476526     0.017130271     0.026865388     #     2006     1
0.011036332     0.023062741     0.036946619     0.050476948     0.054535242     #     2006     2
0.0046573       0.007467799     0.015073276     0.021683973     0.014623809     #     2007     1
0.004138789     0.008648873     0.013855534     0.01892961      0.020451531     #     2007     2
0.001084195     0.008010964     0.015039883     0.022013098     0.02582114      #     2008     1
0.004138789     0.008648873     0.013855534     0.01892961      0.020451531     #     2008     2
0.006843163     0.006338574     0.010390847     0.019862353     0.012113058     #     2009     1
0.004201759     0.008780461     0.01406634      0.019217616     0.020762692     #     2009     2
0.003715117     0.007494188     0.017746186     0.020691456     0.024299715     #     2010     1
0.002491888     0.005207324     0.008342158     0.011397164     0.012313484     #     2010     2
0.00368125      0.007660621     0.012558476     0.019370842     0.036225847     #     2011     1
0.004138789     0.008648873     0.013855534     0.01892961      0.020451531     #     2011     2
0.003688811     0.009885075     0.015175498     0.022718055     0.029979787     #     2012     1
0.004138789     0.008648873     0.013855534     0.01892961      0.020451531     #     2012     2
0.00366769      0.009130134     0.01160006      0.014307164     0.016170824     #     2013     1
0.004138789     0.008648873     0.013855534     0.01892961      0.020451531     #     2013     2
0.002525686     0.008554213     0.012668621     0.013884433     0.01828932      #     2014     1
0.004138789     0.008648873     0.013855534     0.01892961      0.020451531     #     2014     2
0.003740573     0.008297664     0.012675728     0.019317212     0.030068458     #     2015     1
0.005613559     0.011730714     0.018792659     0.025674773     0.027738999     #     2015     2
0.001640401     0.003971477     0.012411035     0.019802425     0.032064462     #     2016     1
0.001497665     0.003129687     0.005013773     0.006849881     0.007400604     #     2016     2
0.003805938     0.007677555     0.011916214     0.017676016     0.024175952     #     2017     1
0.00425251      0.008789514     0.014141937     0.018892296     0.020494144     #     2017     2
0.003960793     0.005839105     0.009854234     0.013458666     0.020568139     #     2018     1
0.00390496      0.006967891     0.010683814     0.013617096     0.015151717     #     2018     2
0.006571917     0.008482981     0.01163837      0.0152425       0.020207517     #     2019     1
0.006915236     0.009569958     0.014762499     0.016574756     0.01922331      #     2019     2
0.00426504      0.008818928     0.01462791      0.017201692     0.019275734     #     2020     1
0.00425251      0.008789514     0.014141937     0.018892296     0.020494144     #     2020     2, no samples equal to 2017 long term mean
0.007152848     0.012760181     0.019793983     0.027833386     0.033995747     #     2021     1
0.005018465     0.007331057     0.012848742     0.010548852     0.018733268     #     2021     2

0.005151307	0.00871575	0.013566142	0.018282452	0.023644618   # 5-year average, inkludere ikke 2020 sæson 2, da de værdier jo er long-term average
0.005022793	0.008164605	0.013109248	0.01490825	0.01840061    # 5-year average, inkludere ikke 2020 sæson 2, da de værdier jo er long-term average

0.005151307	0.00871575	0.013566142	0.018282452	0.023644618   # 5-year average, inkludere ikke 2020 sæson 2, da de værdier jo er long-term average
0.005022793	0.008164605	0.013109248	0.01490825	0.01840061    # 5-year average, inkludere ikke 2020 sæson 2, da de værdier jo er long-term average
